src/test/resources/grids/valid/source/dxdy-2.asc
ncols        438
nrows        385
xllcorner    9.131526947021
yllcorner    45.431202125672
dx           0.000255736700
dy           0.000179952100
NODATA_value  -9999
[rows 104 to 129 of 385, columns 236 to 294 of 438]
0.00089620190114997116612 0 0 0.00016859492139195355774 0.00025774718500987895548 0.00021146753767096605867 0 0 0 0 0 0 0 0 9.7144535900785489125e-05 0.0030498370592906892326 0.0015086881135342406022 0 0.00041154393085661672251 0.0001817427788804417061 0 1.5616542825234849335e-05 0.0002980863207326201283 0 0.00011340242602852731221 0.00064226246327232729052 0.00016062329361493982616 0 0 0 0 0.0012993926137723737623 0.0013129388181236391862 6.356432102700257825e-05 0 0 0 0 0 0.00021327843828283660492 0.00031884902905873291432 0 2.0231816616285748387e-05 0.00035222150457168570391 0 0.0003068361210511248 0 0.0001735108594731232703 0.00047233862545164017601 0.00026313145641533347736 0 0 0 0 0.00028167896313037959046 9.4590384177141637848e-05 0 0 0
5.874788387673285031e-05 0 0 0 0 9.6791799719702151369e-05 0.0002990820371675091357 5.7431910491865664976e-05 0 0 0 0 0 0 0 0 0.0016463194597603932057 0.0023518293864247495628 0.00030511337267679353646 0.0001114603851787386834 0.0002569053202468103334 0.00054922167531969157128 0 3.8681186670020842138e-05 0.00057432290724876856446 0.00015844839688804629755 0 0 0 0 0.00050842647099411043994 0.0010341464700281829351 0.00066505669205449218732 0.00036964559294792024473 7.3876986216924676312e-05 0 0 0 0 0 4.9666477412687760483e-05 0.00036851169119239381633 0.00049086958639257718788 0 0 0.00030683613611159551993 0 0 0.00039392833698572273307 0.00036964847936312729935 0.0001447206492520093429 0 0 0.00014696683085139644674 0.00022930292755277863811 0 0 0 0
0 0 0 0 0 0 0 0.00024165056412873915691 0.00021296489739882972858 0 0 0 0 0 0 0 0 0.00093301107946969295392 0.0020599110001516506008 0.0010483890510452537927 0.00030216646536426072399 7.871669074496554896e-05 0 0.0003710796521370181766 0.0004164087871081124134 0 0 0 0 0 0.0010675102971554463298 0.0010549977015787139704 0 0 0.00029571837458249635843 0.00023320872061143293206 0 0 0 0 0 0.00026124141588235210354 0.00036847522219377916181 0.0002774105331607382304 0 0.00030683615125640209846 0 0.00037366378969198366967 5.572410585023489883e-06 0 0.00022489797474579620242 0.00030396088845634764613 1.2254351516365977345e-05 0.00036401581798527307991 0 0 0 0 0.00033057557848072501765
0 0 0 0 0 0 0 0 8.6118014658996175879e-05 0.00029928388679302352212 6.653503635238208183e-05 0 0 0 0 0 0 0 0.0015234561630243139557 0.00077194474312853558935 0.0014238662768052479709 0.00042750275642880768059 0.00019798022782148330233 0.00016940342541557013912 4.012159678888123647e-05 0.00030052594771034439169 0.00010902352356251083999 0 0 0.00088363582743304104877 0.00094700803018420631404 0 0 0 0 0.0001363871926790327432 0.00036959646579158848996 2.2944568258108069054e-05 0 0 0.0001220518512752207256 0.00025294765330864096625 0 9.1127896666344306996e-05 0.00036853897913101027993 0.00037923619052799163037 0.00026218298218669348594 0.00013012812214643768374 0 0 0 6.5658288163182633728e-05 0.00074563921525213749247 9.3665794875396940402e-05 0 0 0 0.00017648825641080077625 0.00019449734669263154434
0 0 0 0 0.00034048969161949222588 0.00021071185408686320009 0 0 0 0 0.00023705721931866234262 0.00020283361842593540807 0 0 0 0 0 0 0 0.0013737799367748682825 0 0.0014249423374601767785 0.0012830763210770631221 0 0 0 0.00011558982203174239295 0 0.00057580399960830265602 0.00085504567529897041248 0.00038191175611985430597 0 0 0 0 0 0 0.00034665245002905951 0.0001822769082225624926 0 0.0003749999090345009856 0 0 0 0 0.00036163783299416756055 0.00035423064546090767858 0 0 0 0 0.00025273047705618996266 0.00012325206329045015636 0.00027599155414699836969 0.00025276110170057049242 0 2.240054992620419945e-05 0.00034858543638344071909 0
0 0 0 0.00014794484944935162992 0.00010463233211808879199 9.1154854774236406e-05 0.00030186715532576482513 5.2259924579510048861e-05 0 0 0 0.00010075908907822835687 0.0003035931593754670932 3.5539537949848010743e-05 0 0 0 0 0.00031209691396815635381 0.0010936966859595557717 0.00045431408969360637063 0.00030968555114645001216 0.00031407800141402105127 0.0014287178051181779938 0.00050617290163137724363 0 0 0.00031166032081310373779 0.00071864526702327628099 0.0007641257843202097378 0 0 0 0 0.00010672808184670241492 0 0 0 0.00016758169270433451951 0.00060054678028384424378 1.7163683700665304828e-05 0 0 0 0 0 0.00030662010341118956609 0 0 0 0.00011700406857111056121 0.00025897888136318706308 0 0 0.00011689680006010273587 0.00036963426594076634855 0.00041331898269611060419 0 0
0 0 0 0.00025252803627805230427 0 0 0 0.00024960767721909617395 0.00019567522891792687718 0 0 0 0 0.00026805407330132084275 0.0001868573529790806874 0 0 0 0.0016033754299425541975 0.00059200471760893433066 0.00017744568290746379289 0 0 0 0.00099709921627309772672 0.0013367389949135838854 0 0.00089317636178697123236 0.00089706631734805220794 0 5.0096902381072882734e-05 8.0117363763983703048e-06 0 0.00015843169168872973159 0.00014619832051122519769 0 0 0 0.00018905736919767163716 0.00014654111115971021244 0.00030428803194791739957 0.00011068198543597349654 0 0 0 0 0.00030460516210748282088 0 0 0 0.00037598335951809995058 0 0 0 0 0.00021432319143435717753 0.00047027826132534837709 0.00020151537448599948603 0
0.00025512853540757117086 0.0002283758765804792183 0.00026511675939634504274 0.00046937123505588393933 2.6687257925389924e-06 0 0 0 0.00027585649884045488787 0.00033818374651428841212 4.9695414085057534295e-05 0 0 0 0.0001059488642957575992 0.00033998900785941631088 3.5434477605832099871e-06 0.00020608096740900552941 0.0017893785495090681285 0 0 0 0 0 0.00031395745282743664278 0.00018844831788822721157 0.0019260166138102483013 0.0013025506173570493545 0.0002082432444723277085 0 0 0.00029888357814659586914 0.00015711153513913900964 0.00027860375546934858021 0 0 0 8.6315530547156666015e-05 0.00022645128359051694563 0 0 0.00019359856287066577914 0.00024426187936586187758 0 0 0 0.00025288073143658407541 0 0 0.00033706938271879942261 1.8722689053460754907e-05 0 0 0 0 0.00035696011470871580372 0 0.00016810891876666228875 0.00036075032985257170269
0 0.00038249791633447572606 0.0002665649839613148833 0.00025512274157191237173 0.00058276231710309770156 0.00010463545334823955385 0 1.2088649171719061026e-05 0.00028689419016346450527 0 0.00024837479606558236778 0.00020983986030733786871 0 0 0.00015825276958547846232 0.00045580424904663284632 0.00049283827294333568472 0.00043485886340260482621 0.0016793451878560200757 0.00026252882657688120498 0 0 0 0.00024082073612489686637 5.7005060354002124248e-05 6.8564815213619675319e-05 3.8400011010042410812e-05 0.0011376227682237472286 0.0010086366253115920406 0 0 0 0.00047183393430980260065 0.00027274016492390086488 0 0 0 0.00031276716598229088208 0 0 0 0 6.0003633403449971252e-05 0.00030426596676723675558 7.3606204441175048262e-05 0 0.00025288074276026142276 0 0.00018270743229360344507 0.00012738034264020634532 0 0 0 0 0.00034625020417402701004 1.8300197280562318083e-06 0 0 8.8745160557897335144e-06
0 0.00025472429893763225313 0 0 0.00025226734048605111262 0.00018777306167457386075 0.00027345652058849412563 0.00029899731741227491416 0 0 0 8.8250874897881264659e-05 0.00031717266211808080008 0.00038107977473195777393 0.00039258049751911733337 0.00054029141365199821485 0.00016153985949189105615 0 0 0.0013648024715644194865 0.0010884089318634157691 0 7.933962042172122101e-05 0.00021848644847165263143 4.3579156020189739173e-05 6.210167505112297202e-05 0.00017317611766775583898 0.0002129312445336936394 0.0003304417122437600671 0.0011462476140285981271 0.00049881221660141611841 0.00016423825657341969129 0.00013421138109093178059 2.7602486699996146033e-05 0.0003004094062408981425 0.00012206934185071635385 0.0002963409406312671841 1.6426577190476059661e-05 0 0 0 0 0 0 0.00032154849389269931281 0.00035299922171454093181 0.00051770395492455501159 0.00032496948438294400449 0.00049221988041145588177 0 0 0 0 0.00011461937869848241184 0.00017977906875700066375 0 0 0 0.00026516696378412428752
0 0.0002558192410753357582 0 0 0.00025201787257069711672 0 2.4314019314368909134e-05 0.00050005247598649898381 0.00013589313831569529057 0 0 0.0001616578812707729915 0.00040546340450597185374 0.00069701312686054682326 0.00056975589842347441893 0 0 0 0 0 0.00048296868832543903352 0.0016186024228508396477 0.00061508605564623939233 0 9.9451495530686003822e-05 0 0.00042829372640006406914 9.0758736464273246812e-05 0.0002137927571683575828 0 0.00060590975834324851002 0.0012837586070991798166 0 0 0 0.00036673858291102166829 0.0003929533542304752239 0 0 0 0 0 3.0674640318636598748e-05 0.00028622227094375033048 0.00019533360887902777173 0.00012170674246437442208 0.00042900060590610980971 0.00046982489989602730382 0.00046891028875125604107 0 0 0 0 0.00029439870114745430099 0 0 0 9.9495657465855258817e-05 0.00020615829707112327579
0.047067093793996650497 0.02813383543262163583 0.024045374405314220989 0.02414695968978137347 0.024351414240708153108 0.024196925107339773559 0.009486980657518694765 0.00046082833549736902179 0.00016174073957345370045 0.00034738796918097137115 0.00029763800197778970263 0.00048708430362678895422 0.00047091334440507400839 0.00010848571454941703391 6.6299338142273170978e-05 0.00029807102777756248977 9.3887621318518191087e-05 0 0 0.00021956239347950635217 0.0002647715494039703057 0.00027102843896402721742 0.0014635446423962210696 0.0012178154617435499926 2.4853969828601355065e-06 0.00031381878392708692374 0.00011757094543176698713 0.00030455180219432682626 0 0 0 6.8794441032709409195e-05 0.0015757089880302748829 0.00057070677274427984021 5.4854004073113876109e-05 0.00024942902765260233523 2.5609660476417852345e-05 0.00029891367019712299351 0.00013071718265748660456 0 0 0.00021658246383310120762 0.00025966409396836835069 0 0 0 0.0002650745720396313382 0.00048363419132191006779 0.00046682802202158791898 0 0 0 0.00023074840176382828156 6.3650553075412456133e-05 0 0 0 0.00030565426892568026574 0
0.0003982600798904868027 0.018876376002743725652 0.021302485779539522687 0.02157984088803820838 0.021270488911462503284 0.021280020876947677855 0.03391815830357912398 0.024480586926954411159 0.02488615334337692872 0.023390441244607249049 0.00066408784406980011106 0.0004479136782018759309 0 0 0 0 0.00020418384050295112619 0.00025407517265714464009 0.00018394827080404839675 0.00013019280873542666633 0 0 0.00094538945443262058666 0.0010075342100408298147 0.0005507250536452612576 0.00039378013901354984479 0.00026220415225263957182 4.184202614542681701e-05 0 0 0 0.00025068477335819095006 4.804020118959720267e-05 0.00057062777813422359708 0.0012960080245673878067 2.8718258860195321799e-05 0 0 0.00016821544757631028458 0.00028690505473951549709 0.00029123865787668572376 8.056565197981787013e-05 0 0 0 0.00012088682142541336002 0.0001808259127029093619 0 0.00016242538400841626976 0.0003023241716190640401 1.7270155385009654155e-05 5.2478323406982720751e-05 0.00024192088512436555367 0 0 0 0.00027686046160710153048 2.8794121669456084774e-05 3.6843054118676614461e-05
3.3543137285543335602e-06 0.00043282832425383001426 0.00048453244443899518403 0.00029652031520781144472 0.00025201394790806740196 0.00025202662254813877488 0.0024982328396550798101 0.025491512379861760995 0.014197639877035254929 0.0025625710909857844777 0.028215392901606618087 0.014083633843106044964 0.00029668893790194743407 8.334930564755123198e-05 0 0 0 4.3996723185818653764e-05 0.00038107407844848671099 0 0 5.9125516693853495253e-05 0.0016670226981905528901 0 0.00060893625975351223668 0.00046652684869768362187 0.00041521458025102128946 0 0 0 9.3347229867529429143e-05 0.00020537802196463956399 0 0 0.00013261760163146672645 0.0011984359785428527322 0.00062348367835300092139 0 0 1.2044594307106494538e-05 0.00033115655595627622662 0.00015650188889645882452 0 0 0 0.00030171302747912179124 0 0 0 0 0.00028503205949806972429 0.00045488938572579504238 0 0 0 0.00014857067756460139922 0.00015708422010326066596 0 0.00030515059760111753464
0 2.1006137209221999835e-05 0.00023236315929677943252 0 0 0 0 0 0.011737946047187189022 0.025341453323200653636 0.00086166580658212461527 0.014152956062650098173 0.028560064646456415766 0.00026069393086310040661 0.00023398490209477964142 0 0 0.00026883884524751567322 0.00028344303451520328017 0 0 0.0017231206834405119431 0 0.00029497737141390286634 0.00014110046372193253109 0.00012233433354495585384 0.00032991548833834801868 0.00029788926697483120599 4.5708659645996154797e-05 0 0.00029872552909593217069 0 0 0 0.00029651172959597972209 0 0.0004829846224477916017 0.0011064602859987885362 0.00011789810721392006258 0 0 0.00013946992554325689261 0.00029597224127127176509 3.0731613944796417226e-05 0.00027838165946532828247 2.3331661365932526616e-05 0 0 0 0 0.0001776800766812377684 0.00026201149160860732036 0.00030063422575436310165 8.2805602848365876534e-06 2.0280574244201739122e-05 0.0002853746377888249767 0 0.00021174482331390439508 9.3406085956741798765e-05
0 0.00025286634194395240247 0 0 0 0 0 0 0 0.00025222007659404105384 0.024311082996727191585 0.014210625921532143295 0 0.028501192132825134418 0.014499599786134197837 0.00038938418061295953588 0.00047034406623610284679 4.7026283261212181762e-05 0.00025464357690724488421 0 0.0010124734546340368596 0.00073197621441215172944 7.8233695215574434404e-05 0.00035784455630689249043 0 0 0.00025418109961346344473 0 0.00025218671629751522644 0.00041385087158731117098 6.399068262546905167e-05 0 0 0.00026138671929676733858 3.5125275554756617941e-05 0 0 0 0.00098851203776938222426 0.00079371704105097554312 0 0 0 0.00039919142161540065302 0.00036111283303533745544 0 0 0 0 2.5998792211542721769e-05 0.00027398784104759669718 0 0 0.00029235668981559723937 0.00042317692606580882379 0 8.1495672038336334879e-05 0.00022365554892219601316 0
0 0.00025286635256981733651 0 0 0 0 0 0 0 0.00025222012180730360399 0 0.010958852667243246595 0.025169515302897668696 0.0024007103771515542548 0.016155546208025124699 0.017245137429826730424 7.1351980168272760487e-05 0.0002783003890902220525 0.00055332264739777837007 0.00054541410368928223713 0.0016727445799420725438 0 0.00043607866793939163014 0 0 0 0.00032519991574022575611 0 0 8.9339792180410685317e-05 0.00029585184308432660536 8.1460290421036336741e-05 9.3649746186123548398e-05 0.00020286251394111207689 0 0 0 0 0.00025294515412794751777 0.00043313739195517382639 0.0011065260816369702247 0.00021307037159428538972 0 0.00029979179679061535631 0.00010581109185609241464 0.00029965719717196532667 4.7195965816120064148e-05 0 0 0.00029998691733323749886 0 0 0 0 0.00023384178285982355674 0.00036617318290904968779 0.00030513944550939885603 0 0
0 0.00025286636318441659682 0 0 0 0 0 0 0 0.000252220128328002678 0 0 6.9890783741293865646e-05 0.022836101698882501493 0.01638653168954179451 0.01533508557940875712 0.025531462860828711692 0 9.3508040537731605072e-05 0.0020518834369303603875 4.0678298196290074522e-05 0.00042694893364789279549 0.00013851049773521884501 0 0 0.00021135997859902526689 0.00024956673008510728111 0.00029835621273590034845 1.249075163876261089e-05 0 0 0.00021439197906132395795 0.00045182894546090600178 0 0 0 0 9.4868108139189389542e-05 0.00020368371541869774769 0 0 0.0008934664321839935492 0.0015043010511480985492 0.00023704383373652414225 0 0 0.00025246167074903291599 0.00020020358681293348485 0.00017430434927348284718 0.00012568285209503521739 0 0 0 0 0.00029678356383475260364 1.4628572383989285659e-05 0.00032729248141079487783 0.00011833899551651318259 0
0 0.00025286637379958793641 0 0 0 0 0 0 1.8893314992798911079e-06 0.00025033080339557646195 0 0 0.00030005229287266029338 0 0.0086104369400762659215 0.024997004748989550688 0.0086858223625921205518 0.02907396539287913223 0.011087355111814613251 0.00041350983927778409881 0.00033872001047730677589 0.00073612310340653722487 7.2373323048058118504e-05 2.0106214376307081137e-05 0.00050407300139818946288 0.00016398508846084724534 0 0 0.00028586589610213509636 0.00017138325105521982146 0 0 0.00036600980775839357792 0.00029966452448722225802 0.00010278553519702192636 0 0 0.00029855209985345888607 0 0 0 0.00010984312131924436255 0.0004146772163900430512 0.0017226565347436117309 0.00086604362939990962075 0 0 0.00010377620191289614246 0.00058812940495520267797 6.0443315376533757145e-05 0 0 0 0.00021648944225509836759 8.0257495058460358935e-05 0 0 0.00018608610822670601927 0.00025132182883558039756
0 0.00025286638442531203259 0 0 0 0 0 0 0.00026536007847305793364 0.00025254990942936099809 0.0002521832045621105853 0.00037732883203953006442 8.1504810094904105752e-05 0 0 0 0.019745880473062304983 0.019379479893783514016 0.021565305474386269741 0.024773957481833197569 0.00043270909421659126863 0.00011187222866775851807 0.00060798134190718871022 0.00028286861911729646807 0.00048215298168244807376 0 0 0 0 0.00012697383171124173988 0.00029835751778989750942 0.00029183570323407557285 4.2196515037081770195e-05 0 0.0001968036401331953178 0.00025610322458279472782 0.00023695437402983669296 6.3268225061110838813e-05 0 0 0 0.00029725118574562743329 0 0 0.00092874614452945300925 0.00087848176176562710674 0 0.00029031494496346052069 0 0.0002366649027315756177 0.00022517602636753909317 0 4.9710504908620227102e-05 0.00024698839362271711754 0 0 0 0 0.00030743351709320183027
0 0.00025286639504053503441 0 0 0 0 0 0 0.00025221914201924264427 0 0 0.00025060853044641100834 0 0 0 0.00017013424246216076255 0.00013102086250632705004 0.0063253455261652064695 0.027789711261467328618 0.012159557591697553458 0.027884065355574867706 0.015788803084931007231 0 0.00031305937102096907361 0.00031551444327641565675 0 0 0 0 0 0.00011630663935297643927 0.00045126848022501627735 0.00019326130484507501026 0 0 0.00021832088899200304205 0.00045760876128237841813 0.00011498560881335308183 0 0 0.00034633634569413145488 7.8213026800533992015e-05 0 0 0 0.00023301044629021690669 0.001218627677745325261 0.00053314673982888291081 0 0 7.1932622542124677713e-05 0.00029710942510980807747 0.00038948809848736985241 0 0 0 0 8.1769945499413310098e-05 0.00021413785066443435999
0.00030562787276863545875 0.00010026329042175990893 0 0 0 0 0 0 0.0002522191485734821088 0 0 0.00025060852688040132462 0 0 2.3530035553090551773e-05 0.00027762535981752547824 0.00016732051737125352249 0.00041214083573576170381 0.00015197925742728934061 0.020529048939366738302 0.02020925143402180213 0.012717097404816815609 0.028658800471835214896 0.0030475877184923455196 0.00052970981061586919474 0.00011637771756181269011 0 0 0 0 0.00030134021544593906847 0 0.00010442438163061319397 0.00029768611920866065203 7.1164950297515860945e-05 0.00028430258792228930596 0 0.00018308863863697496101 0.00027519128018158332599 7.7525220263980408977e-05 0.00021941409774335838005 0.00027415643866144918765 0.00018435305449648257785 0 0 0 0.00029724219887046336198 0.00076739380663300529352 0.0009206246284006885678 0 0 0.00017375799279681090393 0.00032526734585843310784 0.00025157792194089277638 0 0 0 0.0002959080580775518823 0
0.00035256529277718584667 0.00025199167945848672786 0.00025106259393256928018 0.00025106267367719001769 0.00025106275342585022145 0.00025106283317565284904 0.00025106291292615717228 0.00025106299268297838263 0.00050408759614567596932 0.00025080307301049382723 0.00010471123590631204359 0.00025060852331418775668 0 0 0.00030115568576386453001 0 0.00056351507880139260417 0 0.00084482246882308285017 3.3518634439650310899e-05 0.0067377250334413512148 0.026191258749083966978 0.0079056656525035278599 0.031766298375862811465 0.001853987576625014096 0.00018157545935561675851 0.00027714846795005686078 0 0 0.00027183344536776504448 2.9507061429387920439e-05 0 0 0 0.00053802464981974663406 0.0002186469405270427698 0 0 2.2883401347323960518e-05 0.00046554983851284335861 0 0 0.00011365864219783140029 0.00029801213059476607242 4.6839747456022359133e-05 0.00024035822164415285187 5.6889068765832631462e-05 0 0.0001912529271026373 0.0011118791828607227368 0.00038746315193631834448 0.00029352982221987947674 0 4.6801117305467695453e-05 0.00029837947440136214448 0.00011200067782954180188 0.00020698439521351868586 8.8923924779564370632e-05 0
0.00025234618999620900487 0 0 0 0 0 0 0 0.00025364192503850042232 0 0.00014609625825850016193 0.0002774603523328933734 0.00025096722528241571272 0.00025324348715128524104 0.00040158504891854926314 0 0.00048933793139068696831 0.00056788382406067509575 0.00060587287918022897371 0.00030073286982291899368 0 0 0.018311460436284874437 0.021533121523091044991 0.02880501755864092045 0 2.0805142590134766107e-05 0.00029795404417952219651 0.00026596178149088523911 0.00017532111244004716568 0 0 0 0.00014981010329725817512 0.00014793710584960409601 7.9435392112494642141e-05 0.00029808276674633013385 8.0738687881585309482e-05 0.0002106928679754425048 8.6765369106599302693e-05 0 0 0 0 0.00032427958498212411864 0.00042988599819053383228 0 0 0 0.00018578071646533153441 0.00079954843813564524611 0.0010030404761404679466 0 0 0 0.00021957858340174396484 0.00053244496447815562509 0 0
0.00025234619735289349389 0 0 0 0 0 0 0 0.00025234513595187032338 0 0 0 0 0 1.0266658112264597831e-05 0.00039491328792770461929 0.0012847795479043932956 0.00044503899703153218135 0.00043776676089530517375 0.00011490992739892736763 0 0 0 0.0057683763191290916145 0.040240708568691385683 0.022239997106980921582 0 0 0.00019182623493370170014 0.00029794186427704183332 2.842326856600245549e-06 0 0 0.00029774748108995358065 0 0 0 0.00026457216719643695309 0.00049114927647080932303 0 0 0 0 0 0.00029310843179386903822 9.0654465380075015127e-05 0.00029799713751946531109 6.9920309088421721917e-05 8.8466530277980098829e-05 0.00021166887613265558134 0.00014185333670667130503 0.00020706302486662298131 0.0011113247057104439809 0.00046582406599127683259 0 0.00029346695751842147033 2.7568668543223826683e-05 0.00029839579049884820206 0.00013116489471372131705
0.00025234620470928405571 0 0 0 0 0 0 2.3922122825979739449e-05 0.00022842302046585812557 0 0 0 0 0 0 0.00056250546424964245444 0.00014583890098654318074 0.00029693186149763912962 0.00031210288566765474923 0 0 0 0 2.0650125620949261407e-05 0.00042403709512523656477 0.04101446340093763826 0.029120087335635713027 0 0 0 0.00029509997100973550969 0.00016367464361570206689 0.00028568976216218015113 1.2060065606555052977e-05 0 0 0 0.00029724730098708133669 5.7036874560838916914e-05 0.00029808081949959399064 0.000103153006707641678 0 0 0.00018117292222863650829 0.00011193575618645272042 0 0 0.00022807726227439404829 0.0004441932959008270689 0 0.00030145691651934237564 0 0 0.00064550226524824779167 0.001777449063993615918 0.00014994654697046621108 0 0 0.0001672313310138315778
