src/test/resources/grids/valid/expected/conc.asc
ncols         163
nrows         147
xllcorner     469105.29897149437
yllcorner     5072116.7605249705
cellsize      20
NODATA_value  -9999
[rows 120 to 139 of 147, columns 0 to 45 of 163]
10.4896883777805 10.5379414664182 10.5897684041294 10.6454595187728 10.7054762298044 10.7698088887541 10.8408633009586 10.916556439317 11.0005960718922 11.0937955852724 11.1994781751163 11.3220608168988 11.4682340143168 11.6482556866136 11.884139627212 12.2341869186292 12.9198479941204 14.2853968124334 14.7213585094352 15.4233039177638 14.287814693271 14.1605493270243 14.8690717896863 16.2811775131942 18.3654793423495 18.6926072551117 16.4951109420005 15.1398770442991 14.870163631358 14.8981735085386 15.1960685547914 15.9878526120091 17.5097320874268 17.5778028419111 19.2244628241787 18.6666442407205 17.6165424103724 17.9261121920776 17.8213020993852 16.7257040426036 16.2494289953986 15.6678443387858 15.0315714070251 14.6817754880302 14.4473077698063 14.2937850231085
10.4920437888992 10.5410394580325 10.5936452899046 10.6502849903179 10.7113070954704 10.7767559506336 10.8491616018158 10.9262964129736 11.0119921834913 11.1072735072564 11.2158177866093 11.3428672447725 11.4982997199435 11.7000134698603 11.9895105222771 12.5267658196503 13.912330171494 14.6902629164613 15.5097727640701 14.3263402088377 14.0305601796636 14.3488434484827 15.7114658543283 16.519863889013 18.296779196826 18.1928667739846 16.3211085718824 15.0437060650065 14.8532841291305 15.0658120827818 16.0109297820327 17.4486955120901 17.8161712872685 18.94424943033 17.0204057760573 16.3869774802704 16.1259898706873 16.1713098329773 16.4079518955154 16.7904049520003 16.3275439648798 15.5640441768207 15.1900481498524 14.4267640428708 14.1173576754502 13.9643483679346
10.4940708021427 10.5436475487889 10.59688375528 10.6543179821082 10.7162872664929 10.782852663639 10.8565343218064 10.9352149801585 11.0229837325832 11.1210504540113 11.2334581160355 11.3660607456249 11.5295133419452 11.7471619531205 12.0927719423994 13.1737725901036 14.3128142251647 15.3006371491139 14.5154745651475 13.9172105064485 14.078920063581 15.1129533425682 15.8327354654672 17.0244252086269 17.3825819602141 17.8788563362456 16.2907120931571 15.0814062009007 15.008259457875 15.7529483859912 17.4622608498073 17.9727446565266 18.6174794674052 16.5655721235692 15.7377530616176 15.4191044457912 15.2750685636571 15.2493566278989 15.275190370242 15.4128860768222 15.8569016717707 16.2073240638191 15.1223027339706 14.474468807745 13.8685922135206 13.7029363557426
10.4962993468307 10.5462331138833 10.5999508777151 10.6579493958051 10.7206764440078 10.7880479423461 10.8627672229699 10.9427609799331 11.0322724796741 11.1327137074981 11.2483946026681 11.3855926443112 11.5559084623984 11.7856507194092 12.1548174723061 13.0265970683245 14.6628840076487 14.9066667723508 13.9640921808391 13.847094026953 14.5275252183393 15.7189453648851 16.4421325088803 16.0640764867069 16.7462174502457 17.5804383765967 16.5277666279261 15.3675635510865 15.4787862320486 17.3368798286593 17.778508474035 18.5814536059767 16.3955520865843 15.4658216662055 15.0332365379831 14.8138865019515 14.7021128110009 14.6516773211275 14.6374860605245 14.6642262059574 14.7771941222049 15.3534097794617 15.369264791206 14.3717959577083 13.6592244652802 13.4865670064321
10.4987443580383 10.5489785472377 10.6029886936738 10.6613843764329 10.7248102012976 10.7930484545985 10.8688168102691 10.9501173910522 11.0414635352817 11.1443884015474 11.2633822076049 11.4051044181501 11.5819573568 11.8169820044915 12.1571669971773 12.6976535339492 13.3501602918485 13.6415521812539 13.6630261677278 14.0282407355444 15.4710798761834 15.9089587783352 16.2401386188131 15.3291927597311 15.8970050322295 17.6381469869675 16.728283759087 16.1046082444944 16.7979286187127 17.7587941106369 18.8599626321138 16.5369889478489 15.3708161939937 14.8468372985611 14.5496580330594 14.3773659885333 14.2782211175701 14.2191125483553 14.1847394874671 14.1772073476053 14.224836344612 14.5083929643074 14.8996354572616 13.9169166235881 13.4548757255015 13.2946950181476
10.5008718815416 10.5513059708632 10.6054778496473 10.6642015175345 10.728124158115 10.7971307361396 10.8739760985091 10.9567155513867 11.0501679198215 11.1561999608293 11.2796843287243 11.4266047661937 11.6057429859964 11.8309020513476 12.1248179325692 12.5196693593506 12.9593931210409 13.3015518301503 13.6703914184189 14.8432474703323 15.6074989911861 16.5484338164641 15.1855545517996 14.8659323817774 15.3489562439509 16.9533237069879 17.7730328067083 17.0159848171323 18.0548733069238 18.655470827607 17.3438832759356 15.5093486882605 14.8001283273875 14.4197133725013 14.1865513658317 14.0395788534217 13.9451360400207 13.8821376764598 13.8388110006107 13.8161004615093 13.8210328391861 13.8763062533753 13.8362928088443 13.5039579225653 13.2508454022311 13.1198579522062
10.5025136637057 10.553115324083 10.6074597915023 10.6664607757326 10.7308898790077 10.8008479948291 10.8791812513671 10.964128035955 11.0607143028101 11.1705042528144 11.2971786021354 11.4449203754903 11.6207030833767 11.8342177430678 12.1018427904471 12.4411059082634 12.8287489689978 13.25441611479 14.0555022555214 15.505078162466 16.244734483964 15.4725100903283 14.5978605255734 14.5957765223776 15.121904093784 16.8986018817263 18.2138089945193 18.3600616327272 18.4492660459608 18.8227204338277 16.0810959918939 14.93083469486 14.4071755795137 14.0987394077958 13.8988915237338 13.7654089260507 13.6745975471684 13.610010068953 13.5609242172414 13.5242308269223 13.4990307995769 13.4790193336152 13.3974499980719 13.2201978065746 13.0601720188154 12.9591463377135
10.5040932749777 10.5549431978649 10.6097152852669 10.6692328970345 10.7345687454315 10.806030817025 10.8864920832708 10.9739890412215 11.0731200028921 11.1849045895254 11.312515538205 11.4601900635818 11.6342035697855 11.8425687791258 12.1037151318065 12.4317716428907 12.8358937950826 13.4286981600483 14.927399389507 15.6188037911204 16.0726627356591 14.6460889042246 14.2807176575051 14.4361395874071 15.0360703845665 16.9531667871765 18.6309356349876 19.5290692535302 19.4422563589793 17.4908807031813 15.335796676829 14.547207063464 14.1153345369929 13.8460284742551 13.6648439292008 13.538764226681 13.4493095582558 13.3820776079781 13.3280177064605 13.2820570280309 13.2430377212946 13.1988714256431 13.1194162871051 13.0026406214237 12.8902297779112 12.8099839551948
10.5062498539136 10.5575125257395 10.6129578980774 10.6734907113598 10.7400753354992 10.8131214707506 10.8955636945177 10.9849445374936 11.0854061282594 11.1982050056399 11.3274746695374 11.4774772999308 11.653029524901 11.8659721416843 12.1340339842123 12.478535629746 12.9594611792358 14.0337315296344 15.3326757905741 16.1649096106059 14.9181540818734 14.1681342931392 14.0847115909264 14.3373263152401 15.0114387657991 17.0765197770149 19.414135686863 19.7828101939158 19.7355596779891 16.6595331653694 14.928789057861 14.266233494461 13.8870371860965 13.6391798289129 13.4684219430791 13.3458475002417 13.2558615192904 13.1870448830177 13.1302230063036 13.0803031226541 13.0351939954437 12.984055858126 12.9128991025075 12.8256833029347 12.7404231914348 12.6733180279707
10.5092430528045 10.5608981314415 10.6171548740836 10.6788564239926 10.7467331843183 10.8209615684224 10.9045351262011 10.9951092836074 11.0972523506864 11.2129604676268 11.345757985004 11.4989096669587 11.6805127342809 11.9065581980911 12.1972466940407 12.5911877041052 13.2507411801392 14.9228962102233 15.6156080009645 15.5655155240283 14.2515937911497 13.9024831181983 13.9481386878931 14.2711319982883 15.0144303870084 17.2210483302867 20.2712945558812 20.3673972910089 18.724368958714 15.8636361162992 14.6393608518407 14.051659540713 13.6981890100931 13.4639822471355 13.2981121034171 13.1774182372139 13.0874819829599 13.0175436172544 12.9592515575896 12.9084151314121 12.8608208640098 12.8090246375994 12.7460565807124 12.6755861719774 12.6065850889675 12.5489125748731
10.5134290531281 10.5656448533243 10.6224901650499 10.6849585935297 10.7537205674172 10.8289038135452 10.913490163783 11.0057276112182 11.1109349180815 11.2306111407816 11.3680780685699 11.528683005725 11.7237437019448 11.9694289426112 12.2964928045252 12.7925724194974 14.0479993885864 15.1171938221588 16.0058823169179 14.5226274264413 13.8464819931667 13.719011949653 13.8461721569529 14.2204147023146 15.016483950879 17.2784256347042 20.614980914479 21.1732077238574 17.9679104288616 15.4227331407954 14.4193879816131 13.878906046211 13.539274779117 13.3111482234172 13.149015062642 13.0297036966234 12.9399973191162 12.8692564695667 12.8105863263575 12.7592603235306 12.7108706680781 12.660602179891 12.6043295598239 12.544655293305 12.4859218078311 12.4353051071234
10.5166659582237 10.5699466726364 10.6274914696306 10.6903609907211 10.7596751942526 10.8358181913289 10.9221980079764 11.0171433552075 11.126217354204 11.2504943979912 11.3944805654949 11.5670752855876 11.7818232529867 12.0610869896082 12.4565031064814 13.1732880616843 14.9157559521839 15.6098552696458 15.0721708559386 13.914377149802 13.5966845557103 13.5800227689384 13.7633465553857 14.1741660779582 14.9832579980455 16.9736526764551 20.9235513912728 21.5987648129278 18.1255096807167 15.2372104886205 14.2588137201343 13.7316550230748 13.4011746536068 13.1753665944832 13.0152648116667 12.8971724805016 12.807002586992 12.7357921744825 12.6772229804883 12.6257843972215 12.5773253124971 12.5288834577017 12.4776209350565 12.4254337452067 12.3739329853784 12.3286014780575
10.5191622878989 10.5743860279088 10.6336626462677 10.6978355419779 10.7682150730208 10.8458164963748 10.9347175618267 11.0330744423253 11.1459717131787 11.276250587486 11.4309141744498 11.6212004151925 11.8630645435467 12.1920683146987 12.7242773414919 14.1396656493297 14.9318957791353 15.8025201042952 14.1614758858699 13.5665020012831 13.4199068412938 13.4737341531502 13.6942874394271 14.1256170941148 14.9155675580103 16.5585804803621 21.0682238313986 22.5008508636558 18.6756097142196 15.1736170592906 14.1481505693752 13.6114399680411 13.2820837003814 13.0584416186977 12.898502736564 12.7802666958285 12.6898533496767 12.6183809491599 12.5594033054509 12.5077485322155 12.4597482090922 12.4129655344072 12.3654808112643 12.3186821507112 12.2726791671562 12.2316631572513
10.5186233255615 10.5758897930393 10.6378383208578 10.7052204697029 10.7790259966295 10.8598244503919 10.9517263528213 11.0533518857455 11.1708365816751 11.3091592231063 11.4784551295599 11.6919554606549 11.9740242756738 12.3878991407452 13.2622742758782 14.8493180237323 15.6517826589107 14.5988176841662 13.6260520585514 13.3434062296062 13.2906484243084 13.3889034607686 13.6321158375086 14.0683591330532 14.8397067241307 16.3658941219196 21.1727144556483 23.6719131188055 19.1242775352282 15.1574834201323 14.0669647035843 13.5143020339041 13.1783494571037 12.9545527791499 12.7945531842439 12.6754704022775 12.5845528303334 12.5128256971796 12.4535019692544 12.4015418726296 12.3537743468478 12.3083094130008 12.2635705503752 12.2208605629828 12.179261171168 12.1419202648591
10.5150656638516 10.573659546321 10.6380210350962 10.7093271966977 10.7884881610456 10.8754082300151 10.9731249516327 11.0796807182425 11.2035284296158 11.3523480816097 11.5401526607214 11.7855831358222 12.1278971728418 12.7036204703626 14.2286615236612 15.0148097945928 15.4546195911112 13.8862777046146 13.3414140988949 13.1854561197301 13.1912012097455 13.3164671246737 13.572337201257 14.0117556845489 14.7783784787761 16.2950077311383 21.2154981549971 24.0316653630152 19.2261475911841 15.1347060051483 13.9985310467541 13.4304549653344 13.0861753329224 12.858906198093 12.6985316724437 12.5792362798482 12.4877543690508 12.4153478431403 12.3557228489747 12.3036684408282 12.2560928319961 12.2115193950017 12.1689547010491 12.1294447751671 12.0914427103288 12.0572678617092
10.5100989171928 10.5694190532896 10.6353664349595 10.7094854054715 10.7931211789076 10.886321039423 10.9926628266885 11.1102287180492 11.2470814347965 11.4120231018584 11.6224808143694 11.9113942455685 12.3550667253432 13.3722118613627 14.7970408981345 15.6136975616252 14.3672191446469 13.4448059323608 13.1553134749504 13.0723621196274 13.1107118400772 13.253564610529 13.5174581624837 13.9623470145883 14.7269725103726 16.2165484671834 20.8050236087577 23.7863371288717 18.9624183196706 15.0783339081469 13.9284632321695 13.3504822650151 13.0004724468475 12.7692556520552 12.6074552990006 12.488200910559 12.3966140361553 12.3237418114943 12.2634937568471 12.21121346033 12.164081277363 12.1203670944569 12.0796104804166 12.042732397297 12.0077502539313 11.976264009023
10.5068492078346 10.5668295611916 10.6339446145225 10.7097465761665 10.7958565228691 10.8932488048161 11.0067909273798 11.1372214747951 11.2944237453853 11.4887032096685 11.7401614636366 12.097882808054 12.7360647586098 14.39729175167 15.1678376961896 15.2431195142795 13.7561303636145 13.2214452530387 13.0357993604295 12.9951436374483 13.0518086474195 13.204559716142 13.4746103019723 13.9214850257336 14.6751536433673 16.1171990615688 20.4575147334445 22.9910304217007 18.7165415754594 14.9976190427258 13.8541153168819 13.2730709195174 12.9205255592829 12.6866702893869 12.5230017146286 12.4030444622559 12.31137330999 12.2383380523178 12.1776511710777 12.1250291754374 12.0781309031336 12.0354238292574 11.9963052693094 11.9617105939168 11.9293100891461 11.9000526919239
10.5066063457934 10.5677392696871 10.6362867981502 10.7136677966648 10.801576788939 10.901918451206 11.0214948743522 11.1628494946722 11.3393942881199 11.5669617039578 11.8823136180457 12.3802945582239 13.6398128255907 15.1456678973096 15.9532584952388 14.4071566794828 13.4615002857701 13.1174768840993 12.9789228913641 12.9539902245975 13.0191209801697 13.1737902419676 13.4445913997838 13.8863774461975 14.621004783576 16.0217825953146 20.2696992940472 22.7370188749635 18.5714019490452 14.9133588264994 13.7778833244666 13.197755683284 12.845563519871 12.6108377423482 12.4456132320978 12.3246785618469 12.2325406800317 12.1591675020696 12.0981493257528 12.0454879068816 11.998979063857 11.9572636076437 11.9196616132856 11.8870978337486 11.8568461193224 11.8293874367407
10.5082071570354 10.5706897512007 10.6407774117002 10.7201470439547 10.8110275629088 10.9157118534966 11.0421174812382 11.1945643852771 11.390381871097 11.6547066571948 12.0478999994597 12.7877255671437 15.0320517018662 16.0173256918025 16.0827211382073 14.5169859381604 13.519616622367 13.1504574895352 13.0008985262179 12.9637466854821 13.0178148936927 13.1651279502188 13.4276765555706 13.8562874513519 14.5725948854805 15.9459042545655 20.1534735585084 22.6019862110052 18.4660802375034 14.8322894817054 13.7007538131059 13.1225573832373 12.7724597850755 12.5384666580123 12.3726391437154 12.2506620729504 12.1575978146451 12.0836200027026 12.0224543739709 11.9702195684993 11.9246108501134 11.8840041361466 11.8479149426239 11.816989547356 11.7883150300783 11.7622764710762
10.5093887098234 10.5733214254946 10.6450319812582 10.7265699333328 10.8209334847727 10.931688453982 11.067723010814 11.2349381031411 11.4534901800995 11.7622481526468 12.2712720215195 13.6327334747001 15.1679188787512 17.399807731018 16.1406217433292 14.8307858589802 14.3871721439764 13.590665643277 13.1909194363742 13.0563367575628 13.0683475049626 13.1891700028185 13.4302774810813 13.8404040146042 14.5372960434036 15.8873650633134 20.0719569342127 22.5092013951759 18.3776997963534 14.7526222568328 13.6236725223788 13.0471742353334 12.6995460336561 12.4673864184206 12.3019584148873 12.1790584805139 12.0848589204441 12.0101987135964 11.9492287450266 11.8978636009512 11.8535024248784 11.8142944050156 11.7795506112163 11.7499376520917 11.7224562718847 11.6974796892678
