src/test/resources/grids/valid/expected/conc.asc
ncols         163
nrows         147
xllcorner     469105.29897149437
yllcorner     5072116.7605249705
cellsize      20
NODATA_value  -9999
[rows 120 to 139 of 147, columns 46 to 91 of 163]
14.1947213729469 14.1217842287617 14.0615636505582 14.0050557014423 13.9428850255183 13.87750405722 13.8153280521011 13.7566908881145 13.7030877360683 13.6572882906954 13.6207593565587 13.5900481587215 13.5580617153372 13.5235496653941 13.4860783431217 13.4465235655501 13.4102098155902 13.3807296340054 13.3537787888239 13.3274581521485 13.2961194437649 13.2572876688149 13.2156244600227 13.1791123718899 13.1558845515139 13.1530475315753 13.1755877106832 13.2300829190503 13.3172656311857 13.4253775519596 13.5400817102741 13.6659766843476 13.8305679153572 14.0809123031018 14.5027067886561 15.2548356119327 16.8480115153996 20.603084373371 22.9625413366593 19.6772545073287 17.3738155321803 16.0643857056021 14.3001523078307 13.449464950198 12.9210770491648 12.5350830222497
13.8715036242904 13.8068165110835 13.7535526912684 13.7053921426646 13.6570889245789 13.6054332845491 13.5530197653803 13.5048922868608 13.4645069070305 13.4296601604898 13.3992367915152 13.3737257582922 13.3480509573147 13.3194904931364 13.2878887733974 13.2570175339548 13.230169559335 13.2071865111222 13.1837156351449 13.1598394204379 13.1327722950339 13.1012338266645 13.0684849917699 13.0410331934038 13.0250835955135 13.0251542496125 13.0459819023993 13.0924122694866 13.1646964744008 13.2566996394395 13.3640888065528 13.4945728362989 13.6692631119251 13.9292816161883 14.3529924570554 15.109498598543 17.0530297893553 19.4719989326026 21.8455946621368 21.6223096375795 20.2605268600231 17.5187716619492 16.7278807689462 15.1200370165881 13.7358870492684 12.9903790841377
13.6112786897347 13.5509244903792 13.5031199701508 13.4596021313003 13.4172221883295 13.3741807522985 13.3307636507193 13.2905958320648 13.2583762177814 13.2309453479427 13.2057332073427 13.1835429289995 13.1614566494652 13.1372957799327 13.1116239729556 13.087954915149 13.0676069527387 13.0493089723332 13.0286815492126 13.0072900498766 12.9836182623079 12.9577177305712 12.9330616531024 12.9140955924594 12.9043573720984 12.9075400203203 12.9285856103466 12.9709321312968 13.0344344333584 13.1175655348612 13.2219929842039 13.355017986959 13.5388531226124 13.8179185503591 14.2736870974714 15.1569318066284 17.447100880186 19.6869788842311 19.919372964545 18.5545862624224 18.89458813184 20.629419877467 18.8913728322454 17.3660614827454 16.0696753689672 13.8581440275865
13.3955964316372 13.3361242597607 13.2909888288482 13.2508865072615 13.2115227974739 13.1733614231097 13.137507854177 13.1049951588734 13.0784186040895 13.0553497063133 13.0339175802969 13.0147148073293 12.9952644235817 12.9746338844287 12.9539946944765 12.9354502002337 12.9197149997047 12.9045492593837 12.8858031798644 12.8664258393995 12.8461206499622 12.8258049101297 12.8083120509161 12.7961481240475 12.7916771247564 12.7986921924199 12.8212948553886 12.8620737978301 12.922135999302 13.0023920731557 13.1060926643511 13.2442291802864 13.44234884778 13.7478501712752 14.275955106835 15.6648773533962 17.1689610613231 19.3906265529483 18.7581860842399 17.5565753604478 16.9952010529099 18.1556542253363 20.6320203200754 20.8610448691045 17.7617082721039 16.259171092114
13.2085308277 13.1506462427289 13.1061111465035 13.0676088901967 13.0312777672092 12.9973633616532 12.9671551388639 12.9406302516677 12.9184672687737 12.8984269160836 12.8795932012863 12.8627954337301 12.8457973936418 12.8285047172679 12.8114473407913 12.7961471582391 12.7833511484451 12.7704885717983 12.7533104621416 12.7359620629381 12.7190559021695 12.7037746173134 12.6916339312763 12.6842117257131 12.6842336068327 12.6953337962117 12.720475079232 12.7620445029214 12.8219579463521 12.9024066217541 13.0091578703551 13.1594259724907 13.3822398149357 13.7340479140809 14.3905524061346 16.0951617141454 17.3733458384659 17.8712780846581 18.0582804177131 16.9420837882815 17.0278926537636 17.3176254605779 18.4020171604735 20.4200924392163 21.2660460448585 17.6975073338012
13.0405187125875 12.9858192049541 12.942251593567 12.9045590890446 12.8707734061134 12.8410042793397 12.8154215008713 12.7931580361108 12.7739641865639 12.7562395339444 12.7394503643259 12.7247704561394 12.7099374106365 12.6952546423586 12.6807075430615 12.6675866741044 12.6565393426994 12.6452741815046 12.6300722629472 12.614944152793 12.6011131605343 12.589459304376 12.5809828282945 12.577234062676 12.5810669152685 12.5956911802638 12.623774837134 12.6675419950782 12.7298346117457 12.8145203621821 12.9302979104203 13.0953995252492 13.3493847837086 13.7941241839629 14.8799032257765 16.1021441964195 17.0684139996166 16.4507389968599 16.8533979112579 17.1528811533024 16.7207360996567 17.1870920365716 17.2632392282664 17.4965658907916 19.8506054657669 20.4032190259596
12.8891102748051 12.8370132711574 12.7954348196737 12.7596791969419 12.728570198577 12.7018267845495 12.6793985934852 12.6599680947014 12.6429703174917 12.6268152588383 12.6118320377883 12.5991422323205 12.5861616840615 12.5729981618918 12.560217655165 12.5488358824261 12.5391121333446 12.5292778663646 12.5160257836781 12.5032770359539 12.4917244316644 12.4824620863041 12.4768178212805 12.4763955518763 12.4835985886582 12.5013189255302 12.5321019714343 12.5784612704032 12.6441331922603 12.7351609869377 12.8627641352377 13.048574623105 13.3505026829552 14.0195162864357 15.5844098797704 16.2540262350982 16.2298849450707 15.4514762476297 15.5480358291441 16.0120872043156 16.5086051192821 16.2690197305723 15.8241144422791 16.0896098419015 17.2974827879758 20.2269605163102
12.7511619397808 12.7031282737087 12.6631376513537 12.62997985323 12.6021789905137 12.5782806790562 12.5576430100574 12.5395628765043 12.5240167990404 12.5093066337707 12.495809547816 12.4848217241098 12.4732117308668 12.4611145480916 12.4496727299876 12.4398357746494 12.431465214808 12.423138079382 12.4118165608268 12.400842108787 12.3910163009941 12.3836083548194 12.3804871599015 12.3831864171143 12.393587437698 12.4140973183244 12.4472677853693 12.4960186683129 12.5647167489663 12.6604996874157 12.7967168516038 13.0034056220286 13.3722886034629 14.5851984804488 15.5889235144297 16.6379994424784 15.2796631903411 14.8571388041019 14.8604844927794 14.9907528414751 15.0965252483782 15.0756156889579 15.0788174075729 15.3521640913214 15.9994965959466 17.4382909043012
12.6230613999403 12.5814036735164 12.5444700504715 12.5134168017177 12.4881974533184 12.4667977871081 12.4476816326078 12.4302401607923 12.4155653480121 12.4021518302589 12.3898944394921 12.3799774781276 12.3692718737858 12.3580952339518 12.3479160363688 12.3395908307586 12.3326948873015 12.3259455845631 12.3162419385755 12.3066090452801 12.2980664127469 12.2925877992227 12.2919567603275 12.2975135811281 12.3106884120585 12.3335214689532 12.3684131691957 12.4185958621862 12.4887583717897 12.5865510709611 12.7273635085724 12.9478883553421 13.3597526391521 14.6650070207667 16.1245939380932 15.7774540183058 14.9855478691007 14.5410623537577 14.4534948104914 14.4750472376449 14.5193282121031 14.5705195682981 14.7579135016726 15.1662289445713 15.4049039182021 16.0519572002851
12.5039581093597 12.4679798780451 12.4360609694435 12.4078558970862 12.384055311264 12.3639295952591 12.3459727997825 12.3294831811019 12.3158476843174 12.3035840886173 12.2922059992975 12.2827192178699 12.2724055450106 12.2621860427065 12.2533949556896 12.2465092460717 12.2410522429264 12.2357432584422 12.2273460448454 12.2189515121487 12.2118424153929 12.2082825602886 12.2100433837986 12.2180277737881 12.233351406048 12.2577701407674 12.2935623832824 12.3439840071002 12.4141749334356 12.5126373092906 12.6561438448848 12.8783187377179 13.2665995205884 14.1474704458156 15.8502875318786 15.6183999582191 15.2520339083957 14.5592698015782 14.2612008687593 14.2047402985228 14.2259648696532 14.337613325465 14.9881597447048 15.1593216092329 15.5086167548452 15.4206368887294
12.3944693963925 12.3622706021309 12.3350538437353 12.3105408709803 12.288375757578 12.2686689280457 12.2511408960157 12.2356201172469 12.2233369330771 12.2122770741199 12.2015982019506 12.1922595650452 12.1821617585815 12.1728185752555 12.165346256198 12.1596686767899 12.1552591154636 12.1512004871317 12.1439626768613 12.136970557707 12.1315699805021 12.1300181186636 12.1337233280896 12.1435837843114 12.1603833544043 12.1856822528176 12.2220467687936 12.2728393906206 12.3433575127545 12.4417663820334 12.5816076766936 12.7873874818805 13.1144979333722 13.6822754700446 14.5987268422621 16.0017300922542 15.3492321197464 15.100018738078 14.3597025199638 14.1116859101127 14.1030220722068 14.2955065865856 15.0850565903023 16.4245914243617 15.4663495622175 15.289843254503
12.2913561179773 12.261849412923 12.2377542008169 12.2164966011792 12.1965325125127 12.1776020805135 12.160368747324 12.1454516199433 12.1342342827948 12.1243906978322 12.1143446839672 12.1054117731396 12.0958197072649 12.0874690729062 12.0810463345345 12.0761979460925 12.0726197753595 12.0695189910232 12.0634827128059 12.057994041422 12.0545788971198 12.0549941298649 12.060394299516 12.0716943140222 12.0895352864822 12.1155708141409 12.1525538220881 12.2038965772968 12.2740464308611 12.3690486818938 12.4987809897107 12.6809152617963 12.9523444441576 13.3615772815634 13.9175240386924 14.7079763328103 16.1356541987172 15.2539970789919 15.1360609610003 14.2754799178139 14.1141695977611 14.4786955742752 15.7286427349459 16.1637300835697 16.4860846466789 15.2409477747965
12.1975112076726 12.1700872645794 12.147840878298 12.1287043112502 12.1106514842351 12.0931440155142 12.0768567705007 12.0625620045129 12.0519849720138 12.0427155672517 12.0331721372662 12.0248971849252 12.0163136170528 12.0090751154746 12.0035040949839 11.9991957812157 11.9962866782838 11.9938999221046 11.989051846841 11.9852034345469 11.9835934010389 11.9856960979146 11.9925688533942 12.0049886954999 12.0236620730037 12.0503503472363 12.0873771083259 12.1377404125098 12.2049114688084 12.293753380554 12.4117656824665 12.5726515295203 12.8008833852689 13.113927307327 13.5100979194092 14.0103780662398 14.8310263520857 16.5042754825102 15.3084895218938 15.2006550278316 14.3315491824682 14.8093730883809 15.8333312900038 17.2908302566696 16.1150974051169 15.7900163972668
12.1104982873533 12.0847884124638 12.0635781368149 12.0455532240382 12.0289329360095 12.0130840495996 11.9983411886581 11.9851106805066 11.9750624949975 11.9658662688295 11.9566016247428 11.9490116800875 11.9416483725858 11.9355993292458 11.9308458728949 11.9271554704044 11.9247532016918 11.9232598964418 11.9195552904109 11.9172232382826 11.9172644721309 11.9207477309344 11.9288006295127 11.9420900236215 11.9614193327305 11.9881322080269 12.0242594005402 12.0721697583614 12.1349207287498 12.2161129032355 12.3220770807357 12.4657143029391 12.6609017290285 12.912732011601 13.2200886327737 13.5955200785105 14.1138623310592 15.0725157068063 16.8394959850316 15.4357537398929 15.2326685534671 14.7162172427711 15.6503749806387 16.138486404041 16.7802298478682 16.8667991668358
12.0281709858374 12.0038617305083 11.9832836863071 11.9658049188554 11.9501959938103 11.9359231266333 11.9228036397786 11.9109477132359 11.9015811771372 11.8925499216426 11.8834025943282 11.8764068565176 11.8701752460049 11.8652023480385 11.8612374129692 11.8582105885052 11.8565447787078 11.8559418432127 11.8534438968328 11.852475033431 11.8538604604575 11.8584752359791 11.8673348854602 11.8812252276492 11.9007878529071 11.9271010677784 11.9618937256388 12.0070826582994 12.0647012402294 12.1377938986933 12.2336604235232 12.3622554148875 12.5305822664007 12.741382831416 12.9946584135784 13.3019284314146 13.7081715381818 14.3354845827554 15.5309732895691 17.1932317772004 15.4512309544827 14.8495745529624 14.5859152303828 14.932535737058 16.0020175092991 17.1848573058735
11.9490869759394 11.9259716584104 11.9059714349684 11.8887761028843 11.8741008863562 11.861090795161 11.8495505034286 11.8389881749008 11.8304476025646 11.8218513184578 11.8131438415479 11.806829200691 11.8013816921938 11.7971883489897 11.7939336385732 11.7916147709797 11.7908971008605 11.7914120417692 11.7900423648883 11.7901869191524 11.7925549221611 11.7980005678951 11.8073475405598 11.8214440386453 11.84090968515 11.8667720238344 11.9001991205313 11.9423461318295 11.9948884134005 12.0618908246198 12.1501814851358 12.2653107513243 12.4114366007995 12.5910798632469 12.8084790450463 13.0786145765447 13.4474410937694 14.0814333989296 15.5521574631312 16.3037375536435 16.3763980847209 14.6305730650005 14.1595357756432 14.4671165287786 15.7447584962681 16.9284544162216
11.8743812361434 11.8522296815716 11.8327088573966 11.8159629256006 11.8019227707673 11.7900944062233 11.7797757900283 11.7703059438851 11.7625402052584 11.7546003092516 11.7466736580518 11.7411680685568 11.7364152775393 11.7327412382887 11.7299189246934 11.7283104433854 11.7285049348268 11.7300111532201 11.729594280489 11.7305688677675 11.7335566232099 11.7394379280884 11.7489689824736 11.7629872008959 11.7822182287854 11.8073424468194 11.8389422765333 11.8777984013743 11.9264351867244 11.9895669548692 12.071375780251 12.1752480767141 12.3041768907572 12.4611868880468 12.652429081812 12.8977699352412 13.2669195771509 14.3680996423883 15.3178993119836 16.3398906068565 15.4043211064903 14.1037347324213 13.8705319212428 14.170159041278 15.4719638381288 16.4337930749253
11.8049255788471 11.7835394881495 11.7645659863228 11.7483243528541 11.7349421267051 11.7239397672112 11.7146533223941 11.7059259334445 11.6988115448975 11.6916395329335 11.6846061541137 11.6800430685151 11.6759731247541 11.6727351979503 11.6703346304869 11.6691978368599 11.6700486319775 11.6722498450059 11.6724667004757 11.6739757590025 11.6772807132633 11.6833373976265 11.6929597933592 11.7069378552623 11.7256580911959 11.7495416328033 11.7789078067844 11.8151426115956 11.8614456407939 11.9212218676107 11.9967435818805 12.090759768407 12.2055675633774 12.3446135203689 12.5153401181558 12.7398841449599 13.1008588172161 14.0789798703863 15.4049029625438 15.1846779827855 14.1740954047129 13.6675430964552 13.6059767701778 13.8867714893706 14.7647430168265 16.428015263135
11.7388220261397 11.7181047124096 11.6997240226829 11.6840818610107 11.6712888883698 11.6609976141999 11.652305082692 11.6441402209124 11.6376236697523 11.6310698434338 11.6249599663823 11.6212693906655 11.6179273654658 11.6151665933139 11.613121827113 11.6123957271369 11.6136147012264 11.6161735240615 11.6166863130154 11.6184922022076 11.6221026960853 11.6283939808388 11.6381475159629 11.6519330217196 11.6699279881581 11.6922055861488 11.7196649363278 11.7542954009942 11.7988816569164 11.8550237229994 11.924455580044 12.0093575350456 12.1121149661219 12.2369514662964 12.3922215639735 12.5975900058662 12.9034381293646 13.4659237352522 14.1390628402911 13.8940733977296 13.5476890091733 13.3448058695169 13.3568541689449 13.5954870355727 14.1308485565435 15.1296573115788
11.6748679041472 11.6548809018498 11.6373014923454 11.6223334246511 11.6102167516609 11.6003890500404 11.5919999298665 11.5841146559876 11.5779868043129 11.5721662647125 11.5668084051373 11.563927090543 11.5611955052443 11.5589497743761 11.5572887810616 11.5568939381419 11.5583484303807 11.5610057565024 11.56159476314 11.5636040998577 11.5675399852552 11.5740644533959 11.5838260690294 11.5971214263008 11.6139707297749 11.6347690953266 11.6608969001901 11.6944781934785 11.7368913218521 11.7890770104362 11.8528154408839 11.9302576405137 12.0241263459121 12.1381904080656 12.2772289130933 12.4511999603805 12.6816794855892 12.9969813014034 13.2687722724023 13.266414221889 13.151157448011 13.0794685022798 13.1243679235411 13.3218667741667 13.6960717232969 14.2840917200885
