src/test/resources/grids/valid/expected/conc.asc
ncols         163
nrows         147
xllcorner     469105.29897149437
yllcorner     5072116.7605249705
cellsize      20
NODATA_value  -9999
[rows 20 to 39 of 147, columns 0 to 45 of 163]
9.66566682593953 9.6732350963192 9.68103300771926 9.68894570135364 9.69720772560947 9.70569933234238 9.71472301391233 9.72362574620951 9.73276324271372 9.74221961703821 9.75187187662871 9.76147971836592 9.77129425289104 9.78153854140218 9.79212495985228 9.80315870591257 9.81473324400725 9.82674267049804 9.83928164671014 9.85240870890356 9.86633097984801 9.88107160779732 9.89679038929439 9.91370679110138 9.9320678074316 9.95217677616972 9.97453606900195 9.99949511915556 10.0276774539603 10.0600777211573 10.0983418973337 10.1455591758399 10.2080403499252 10.2988009988809 10.4486211553574 10.7562341460291 11.8540824585656 12.61977470843 11.7263443955008 10.9328146573278 10.7777574801245 10.8385234332649 11.1076109277806 11.5537953235165 11.5234486235834 11.3899712868936
9.67238542088927 9.68018306802845 9.68829052636236 9.69649662625209 9.70507884155871 9.71387317878231 9.72323182070996 9.73248034510448 9.74198181874681 9.75180998524148 9.76182007176805 9.77180018117938 9.78210765213206 9.79276287441672 9.80386082924665 9.81543521477612 9.82746561910219 9.84010270282697 9.85325280609274 9.86715145606603 9.88177627614274 9.89731957475427 9.9138999557857 9.93172333912239 9.95104148624766 9.97212773178136 9.99561237534937 10.0219595076372 10.0519514082746 10.0868653699729 10.1286641957689 10.1809377950843 10.2505760078426 10.3505974538992 10.5115656548504 10.8283696395469 11.8674359969672 12.666311723209 12.0464855896185 11.2106744805747 10.9842112892037 11.2958195390936 11.5817372174782 12.3816302619259 12.6835747389111 11.9991845539333
9.67916472212503 9.68723056028639 9.69550860530009 9.70403800264593 9.71289728650234 9.72205398795746 9.73172639303938 9.74129643561167 9.75121117067564 9.76139645225246 9.77182928279142 9.78221862100094 9.79298288593248 9.80410375139606 9.81564260539219 9.82771495680721 9.84032510336284 9.85356361112309 9.86736660354434 9.88188475485578 9.89720390244324 9.91351227399478 9.93090707378401 9.94963841931244 9.96991097963505 9.99207078096973 10.0166992931786 10.0445495109858 10.0765542573015 10.1142085793969 10.1597023398718 10.2162987467333 10.2901665154336 10.3941316965851 10.5559549098267 10.8501598130608 11.5390247486206 12.8667175721161 12.2560784673498 11.7239365534482 11.2243979488646 11.669060550217 12.4767546530082 12.6251395374704 13.4232209539152 12.605639744088
9.68606503770614 9.69429561879631 9.70286175155679 9.71167250565389 9.72080456220488 9.73027821283261 9.74029528474954 9.75019269815064 9.76046689195389 9.77103180351357 9.78192322537238 9.79278769335398 9.80396896914211 9.81556038085431 9.82762472081312 9.84014264240002 9.85338467993454 9.86723610979695 9.88168052074347 9.89680067405508 9.91276705010525 9.92981386614518 9.94804475461026 9.9676434432763 9.98889518922811 10.012283169926 10.0383478676817 10.0679817650924 10.1021651325553 10.1423747167466 10.1905465737919 10.249971482499 10.3266207988399 10.4315546271021 10.5864669844434 10.840219052358 11.2934108904753 12.2836135455517 12.888326260471 12.1923472440628 11.5390817817875 11.686587428738 12.7379567746212 13.2949092204429 13.432608943523 13.6139168240937
9.69285367803729 9.70127663973632 9.7100501527967 9.71912934582519 9.72850421421379 9.7382995964852 9.7486643430887 9.75890544266854 9.76957643597284 9.78053879254731 9.79183382316108 9.80313614403316 9.81477042267219 9.82686808317468 9.83945120876908 9.85251739653451 9.86635026133748 9.88082297147646 9.89593447450481 9.9117584585027 9.92849730215873 9.94621214953584 9.96521894682128 9.98576075862543 10.0081456822433 10.032876913415 10.0605142010321 10.0918869070053 10.1280290086682 10.1701745904039 10.2201924774193 10.2814903802207 10.3591519749111 10.4618164172101 10.6071071585498 10.8286071450142 11.1812453835017 11.8292758648175 13.0330663495024 12.5289655141008 11.9576164128272 11.6785620844777 12.1854781621748 13.3987911419439 13.590780971455 14.0682046946129
9.69968246722823 9.70835997063055 9.71730947107897 9.72657528125815 9.73626211237397 9.74636474418877 9.75698933594062 9.7676100190639 9.77864617683625 9.79000985592628 9.80169328596473 9.81344110600013 9.82562813353323 9.8381872613415 9.8512392632403 9.86490041552141 9.87936014072243 9.89452966746173 9.91036630050889 9.92699872353989 9.94454088695593 9.96312045681601 9.98304642814534 10.0045753989741 10.028155615288 10.054215386398 10.0832052440429 10.1160312969948 10.153551809736 10.197035641461 10.248586141584 10.3109349146246 10.3881135462996 10.488147051724 10.6259951740866 10.8246600982448 11.1151993163895 11.5723754313115 12.6484926574551 13.1504421562404 12.2437487233075 11.7336298366746 11.9981093745934 12.9123159607632 13.9472005441077 13.8931343830941
9.70646753701391 9.71534433998747 9.72466060317151 9.7342499062713 9.74414611267805 9.7544551929346 9.76544233630021 9.7764381283415 9.78777994131961 9.79957918141821 9.81168327810915 9.82388253331094 9.83654177969923 9.84961258174065 9.86313992430867 9.87744095789135 9.89253599544421 9.90844287654605 9.92513094004643 9.94263987011009 9.9611008930706 9.98070329330649 10.0015881633318 10.0241309519428 10.0488695536356 10.0760502158065 10.1062430969029 10.1399696779661 10.1782721485265 10.2227103875785 10.2751780126987 10.3380956605325 10.4154736344095 10.5142471431981 10.6457296240447 10.8255651703857 11.0782688040126 11.4746546225977 12.5407336648697 13.177880067042 12.548017317821 11.8576737734819 11.9439261550971 12.5230223977832 13.8390119295705 14.3560369607495
9.71348115215402 9.72252869874876 9.73196774982685 9.74170456059942 9.75203164137663 9.76276264826799 9.77406141063048 9.78533863958286 9.79703242275719 9.8091936774124 9.82178143727581 9.8345154002766 9.847605163795 9.86112316809137 9.87520732024546 9.89013716835952 9.9058792543063 9.92255025222333 9.9401433024797 9.95862264144341 9.97814517378381 9.99880300362085 10.0207414206778 10.0443180343279 10.0700208764108 10.0982414354633 10.1292960152969 10.1638471115889 10.2030434912742 10.2482388344766 10.3012135680381 10.3643349515559 10.4416622362796 10.5390538746887 10.6654568976354 10.8324261223797 11.0620539931082 11.4116415300219 12.1625171657373 13.3863301125051 12.6806872642462 12.1896214710817 11.937581138794 12.3021001411851 13.3947762205722 14.8519789267354
9.72074716450951 9.72995023593765 9.73957793913937 9.74964442862969 9.76016421255146 9.77111386453436 9.78282673298414 9.79456776071757 9.80666643841287 9.81919677274747 9.83222686255031 9.84547217660494 9.85904443583934 9.87306584197751 9.88777720102766 9.90326950961228 9.91975341764381 9.93716571244353 9.95565802934701 9.97522013284108 9.99584638630041 10.0176379975761 10.0407047019021 10.0653410839583 10.0919999559486 10.1209779199688 10.1529833806169 10.1887473331833 10.2290131327899 10.2750221405115 10.3284566695895 10.3915956367494 10.4683112825734 10.5641354253738 10.6856863222424 10.8432994821496 11.0546577971389 11.3572479320961 11.869549031762 12.9941230394179 13.3278435889663 12.4696101283873 11.9688850098543 12.2046924859188 12.9401528262185 14.6058228579773
9.72819761993133 9.73764501806919 9.74745457516384 9.75773358327234 9.76848687931158 9.77976438808782 9.7918083411025 9.80382464969063 9.81642233257819 9.82950901119007 9.84307813901676 9.85667965429845 9.87081190471999 9.88544001888342 9.90077178580482 9.91694982333464 9.93414537667037 9.95238871026129 9.97182604480658 9.99242033168708 10.0141759651972 10.0370993152772 10.0613821521507 10.0871643186079 10.1147443106826 10.1447970780756 10.1779612264108 10.2149040897821 10.2564052891072 10.3033867756687 10.3573939425899 10.4209103968719 10.4974935588842 10.5911981755937 10.7075723701736 10.855796492682 11.0492286569311 11.318717165754 11.7498390410163 12.8727089454217 13.527760663282 12.6641072443046 12.0412239798771 12.1525414211554 12.6285441487349 13.8622191718792
9.73595873203418 9.74558848504524 9.75566420862133 9.7662071120766 9.7771902145814 9.78877019593627 9.80113557559885 9.81357642721632 9.82647697150871 9.84011883670704 9.85416645088571 9.86833130584618 9.88307901884735 9.89839691755095 9.91442248428299 9.93131348575384 9.94929654407997 9.96839155180263 9.98874273604872 10.0103462136584 10.0332804427103 10.0574017022774 10.0828272683069 10.1096954550041 10.1386611403746 10.1701068553375 10.2045718385916 10.2427403653515 10.2853670932116 10.33335528116 10.3883025669663 10.4526253367083 10.5286583285741 10.6197228915956 10.7311757677868 10.8707745265159 11.0505192785571 11.2975669888602 11.6879924952681 12.7052984570366 13.5186587377278 12.8890897947589 12.2062672106719 12.1350800002243 12.4891095479181 13.6574238949371
9.74400182373938 9.75388809439341 9.76421567361186 9.77498985222591 9.78625734864873 9.79812115337758 9.81084249748654 9.8235888408332 9.83694561374166 9.85102883938422 9.86560235464299 9.88042993500656 9.89583801273222 9.91185835907029 9.92860465729144 9.94626228312092 9.96503379398051 9.985066691492 10.0063591921427 10.029060805214 10.053061529991 10.0782346869166 10.1048218184078 10.1331066726463 10.163581405822 10.1965991615446 10.2325708829034 10.2719673356766 10.3156423921802 10.3648199571584 10.4208127160836 10.4853560318118 10.5606383398248 10.6499621900612 10.7576538375439 10.8908476962564 11.0605087419782 11.2885162411094 11.6331399983125 12.3163308314235 13.5580413471166 13.0884241189034 12.5193378024863 12.1471465207012 12.4246590010965 13.5630789760697
9.77306267667612 9.76262544591676 9.77317728662762 9.78417535378981 9.79572062122327 9.80787158531181 9.82093376859693 9.83407222103532 9.84785309285518 9.86236714886943 9.8774997956369 9.89296039519391 9.90904167572176 9.92579719276456 9.94331520883308 9.96178456710902 9.98142671902425 10.0023718409085 10.0247003603875 10.0483729043528 10.0733972386757 10.0998213904952 10.1277266733462 10.1574980432725 10.1895014432675 10.2240769216916 10.2614832979379 10.3022564861016 10.3472659455482 10.3976969348813 10.4547409267699 10.5196812308616 10.5952637729191 10.6840659283042 10.7891112411279 10.9174200603163 11.0785377701355 11.2874207924717 11.5854026757968 12.0719656793813 13.1668954230773 13.6531491109226 12.7338905987187 12.1690438390141 12.3765179364873 13.3294507548476
9.7868500332595 9.78892719973981 9.78269092272789 9.79393763004341 9.80578364886222 9.81828915337676 9.83166973160515 9.84520231451323 9.85936753658234 9.87434564115747 9.88994495489949 9.90603805341384 9.9228576342829 9.94028858858537 9.95862085193613 9.9779321455103 9.99856245628598 10.0204062721534 10.0436260524099 10.0683580320093 10.0945622275044 10.1223063737971 10.1516373231609 10.1830059058974 10.2166280749141 10.2526258194652 10.2913243170035 10.3334603102677 10.380110659945 10.4322683560077 10.4909257217484 10.5576250534895 10.634539012577 10.7235476853824 10.827083144109 10.9514867995819 11.1031953624425 11.2934901467338 11.5609550257636 11.9934348380291 13.1274497687753 13.8025756427203 12.8326880839344 12.183978299997 12.3160027963578 12.9075577619711
9.78224606406267 9.80685183148162 9.80623410468155 9.80422694233653 9.8163618559733 9.82924699841736 9.84300782499707 9.85693490866905 9.8715808152899 9.88697180739233 9.90313469177753 9.91977181147098 9.93726667031116 9.95544723961354 9.97438842819143 9.99444971844433 10.0159355781453 10.0388290984075 10.063203830342 10.0890876275282 10.1165413352967 10.1456174949016 10.176448271722 10.2093887479248 10.2445754095787 10.282165603915 10.3223897861825 10.3660682566664 10.4144507160062 10.4687334244024 10.5299669492121 10.5996123443119 10.6789532596478 10.7691061212928 10.8725318175224 10.9933709528085 11.1357951293976 11.3114403361336 11.5622484976184 11.9802785327339 13.1434854025607 13.8714730544981 12.8912437345412 12.1925164839106 12.2502387095533 12.6155918566348
9.77958007857748 9.80653065132514 9.82826602445542 9.82487692669458 9.82744982319329 9.84068392149496 9.85485446234646 9.86923296464822 9.88439997016475 9.90025963976122 9.91693871715812 9.93409434253382 9.95208795921101 9.97099940814203 9.99075657246571 10.0116963897809 10.0340720640962 10.0580537902787 10.0836134288276 10.1107194428027 10.1395528526254 10.1699852184428 10.2022274623476 10.2365678372236 10.2732492899086 10.3124517032987 10.3547661303444 10.4008527842146 10.4517285180499 10.5084577738516 10.5724289167781 10.645082256472 10.7281194570225 10.8225861030164 10.9289745184905 11.0478686309731 11.1803901894425 11.3407041238202 11.5803558238997 12.0019937112155 13.1896367092364 13.8952606286958 12.9238585211523 12.2008843649736 12.2065011636202 12.459361688803
9.79918332394046 9.80524670999687 9.83243187328738 9.85100474862264 9.84475342540141 9.85240901986037 9.86710305541838 9.88194555608322 9.89771530983346 9.91414123779833 9.93129194857929 9.94905874493928 9.96782951578776 9.98737559053808 10.0079027363652 10.0297186572095 10.0530780302434 10.0781268797512 10.1050453606852 10.133582841938 10.1637428005337 10.195590490311 10.2291999754268 10.2648668582001 10.302848343266 10.3436361739079 10.388113634728 10.4371602991043 10.491679229046 10.5524674418001 10.6202806157826 10.6964970257546 10.7844427444164 10.8879544569947 11.0054142509278 11.127348699514 11.2434632774147 11.3805276858577 11.6095521735593 12.0742514122103 13.1705175438407 13.9520037320654 12.9211841402259 12.213392634808 12.1832407512344 12.3572078078987
9.7999547688944 9.81955564107317 9.83150305265104 9.8611298887089 9.87549663831053 9.86623127296772 9.87973102209819 9.89627994143474 9.91259678744527 9.92867701942111 9.94651338376795 9.96499812874638 9.98445732629609 10.0048621469642 10.0262263264679 10.0489452158547 10.0734004335826 10.099666205889 10.1280474947659 10.1581919622988 10.1898975023182 10.223159249291 10.2582187269199 10.2952240431747 10.3346609960095 10.3772501264102 10.4241079294665 10.4760082655853 10.5340894394223 10.5995462630654 10.6740736663207 10.7595694096067 10.8594124216458 10.9806501519698 11.1294078458286 11.2699409557697 11.3404908101381 11.4353022293681 11.6475821010317 12.0812039681215 13.2950250892045 13.8884133579534 12.9666444229512 12.2402822253152 12.1832042865899 12.3038319282323
9.80702167833849 9.82012798222725 9.84107022860453 9.85504714329666 9.88715503414719 9.90202011974109 9.89271267474871 9.91664286602879 9.9336641093069 9.94368485393375 9.96241446232226 9.98173168035615 10.0020624193639 10.0234392252169 10.0457932124149 10.0695356983442 10.0951841457895 10.1229589499581 10.1529210960012 10.1848506603446 10.2182814014858 10.2531782516286 10.2898612540393 10.3286041561536 10.369827296942 10.4147965685145 10.4646439760892 10.5202047975098 10.5825607050602 10.653312805272 10.7354042017484 10.8344209615118 10.9614817643988 11.144686292027 11.4584812979807 11.7771259446047 11.5353572011378 11.4992201073986 11.6842140891349 12.0832558499431 13.2602489946988 14.0042348298776 13.0435903056039 12.2999845972617 12.2245158102233 12.3085904855838
9.82467614784211 9.83231121409154 9.8450380606313 9.86972496431336 9.88805781211193 9.92595411214832 9.94452159554747 9.94375671700366 9.95581390998635 9.95983814508092 9.97943805521583 9.99975207331752 10.0211513039921 10.0436304191635 10.0671765847812 10.0921603268134 10.1191934830537 10.1485887393223 10.1804055126941 10.2142781073182 10.2496255395504 10.286411965544 10.3249382628986 10.3655709519069 10.409082948965 10.4569177062493 10.510480520396 10.5708829415115 10.6395201935269 10.7188718444231 10.8134331140141 10.9329585786359 11.1026278109275 11.4560966908656 12.386760546267 12.2338116274468 12.0324315805258 11.5661358573378 11.710264587118 12.091963554486 13.273089267222 14.0384295086344 13.2594427222733 12.4583459636253 12.3466260592068 12.3955607916629
