src/test/resources/grids/valid/expected/conc.asc
ncols         163
nrows         147
xllcorner     469105.29897149437
yllcorner     5072116.7605249705
cellsize      20
NODATA_value  -9999
[rows 80 to 99 of 147, columns 92 to 137 of 163]
13.1050555223694 12.8758023226236 12.7257172688667 12.6111676944908 12.5296251995698 12.4731682164185 12.4509984018642 12.4764650382899 12.5611653979364 12.72200519596 12.9971887525995 13.5746521427192 14.6313641665954 13.5148733189904 12.9274005180298 12.6059198064505 13.2457796189885 12.9273482588806 11.8568126936755 11.2209149263016 11.0841009813345 11.0283568014208 11.013357416726 11.0374419552438 11.0745253857488 11.1954892778682 11.4763860710279 11.59176315587 12.0475047297542 12.1391515905466 12.4373739571471 12.3361519322941 13.0141916394214 12.7950175543776 12.0719559048472 11.5944319852517 11.2802217159571 11.088412606523 10.9447493171045 10.837144167037 10.7567842226536 10.7003092661151 10.6695000702375 10.6658992885342 10.6869818699823 10.7247357538485
12.7017969424216 12.5595904108218 12.4558613785166 12.3741356063656 12.3117606035523 12.2676954289511 12.2461993800323 12.2558519892933 12.3032655837239 12.3971137216192 12.5613288852257 12.8778991361826 13.8799625789348 14.19099935928 13.0019899002381 12.2710479925263 12.3987071848241 12.5811070773255 11.7130261070013 11.3415335628773 11.2582527517125 11.2494275493045 11.3487928455741 11.6037631205975 11.7111154387572 12.146542287775 12.2279520759458 12.5070890103081 12.3721126014654 13.0353342669842 12.9312970944575 12.7000995295162 11.9154583082403 11.6162272245269 11.375535558685 11.1672312123026 11.0039420261919 10.8818735293753 10.7867584443991 10.7111966900412 10.6544498731936 10.6131682164208 10.5911836098916 10.5890541697033 10.6060311552496 10.6416889524155
12.4545573046299 12.3454376755476 12.2630517425531 12.1973546656644 12.1442514267643 12.1058375725612 12.0841996601372 12.0837986834027 12.1102689068098 12.1700677077093 12.2850948273736 12.5404065086894 13.5723780806645 14.0698516179582 12.9017289849868 12.0718201959772 11.9819107619859 11.9100972453664 11.6740956364611 11.6139474731374 11.808462926075 11.8923037094149 12.2879091278634 12.3590212113885 12.6091148068172 12.4763063444307 13.1109425217888 12.9911813603854 12.7479182090551 11.9514459438224 11.7321150631319 11.5860919097722 11.3573907172611 11.1986746309223 11.0629474000209 10.9371638723313 10.8326895086967 10.7452538070676 10.6767854169573 10.6201189329591 10.5770106013533 10.5466717222858 10.5303365991198 10.5297628477454 10.5455765290491 10.5796537819608
12.2766650904253 12.1858361269944 12.1149042362112 12.0570987255528 12.00955899165 11.9732851117341 11.9513265891235 11.945213765444 11.9575259959648 11.9978967682605 12.0863257800938 12.2960309560813 13.0900804556472 13.6552558817813 12.5811695937414 11.9195570104811 11.8420311128203 11.9402744997676 12.0925549800026 12.5083122020767 12.5343276227206 12.7614591002399 12.6331109838531 13.2198224764281 13.0843883696463 12.8140048743521 12.0189450521102 11.8002228088334 11.6512062386383 11.4246876462631 11.2950519838704 11.1908782571326 11.0719920422961 10.9701883031796 10.8779613657177 10.7882908704205 10.7141141466681 10.6477434812505 10.5947587133136 10.5512108173181 10.5169450260682 10.4934608670098 10.4814666284044 10.4819295573313 10.496941788122 10.5289090789677
12.1402005489102 12.0612662969561 11.9968700291386 11.9428484024087 11.8980891697478 11.8629419760831 11.8411609449775 11.8314005520375 11.8337785742815 11.8589307807752 11.9242086663338 12.0717508806301 12.4581881937276 12.8602401465043 12.1425019169835 11.7872233138636 11.8912467293205 12.3540014996932 12.6950858049739 12.7662994637742 13.393973050694 13.2186085054461 12.9072792745067 12.1189194016236 11.8921273186345 11.7323160012688 11.5023013507944 11.3696522193633 11.2621419054817 11.1439371766259 11.0544167154681 10.9759353361673 10.8951595877509 10.8214375676076 10.7532155115981 10.6838288240449 10.6263998642576 10.5742651247695 10.5314150999002 10.4964697019723 10.4694140391893 10.4504850275089 10.4412199203208 10.4428002894438 10.4570237636046 10.4858823042381
12.028981240011 11.9586902526741 11.8989927896855 11.8475874156653 11.8042125575411 11.7700621105472 11.7514360384605 11.7383369513947 11.7313559957286 11.7408684347662 11.7806895807228 11.864440919133 12.0083919370017 12.0522254497488 11.8245589941111 11.6551379862839 11.7600378052253 12.3595409422105 13.1418699183683 13.0683419677359 12.2599462790004 12.015209270197 11.8411804639022 11.6029123897063 11.4615686147542 11.3460568451801 11.2230739124074 11.1291955839722 11.0471831624156 10.9662420925805 10.8979182593489 10.8364691024881 10.7744928883489 10.7159549658933 10.6616742320988 10.6058336104405 10.5590045693645 10.5161963348999 10.4813911123135 10.4523099658934 10.4300858878111 10.4148148634209 10.4078457317612 10.4100737149337 10.4229715915134 10.4479843647805
11.9342388632093 11.8695530771366 11.8138883450154 11.7651569077002 11.7232992049125 11.6900523781974 11.6733175435578 11.6612995962538 11.6410647936591 11.6350808029914 11.651044100524 11.6887275319855 11.7363489893352 11.7207291092947 11.6141869449347 11.5375050610867 11.5905206573669 11.7895988886465 11.9859940722359 11.9362262355312 11.7150642760318 11.5723632221315 11.453200051001 11.32481926816 11.2229742656661 11.131994157981 11.0447195150885 10.9711336265964 10.9062194350491 10.8434195905111 10.7871508906405 10.7362348132981 10.6859779740844 10.6369240578188 10.5914724576328 10.5450397613656 10.5061772946718 10.4692539204347 10.4400668311582 10.4158728209848 10.3975250234702 10.3850051461346 10.3795830675798 10.3817070194543 10.3923430783126 10.4124492834782
11.8554719262666 11.7938944071565 11.7405448883053 11.6936143503461 11.6525655194216 11.6190905278798 11.6010697941117 11.5853062461948 11.556253012969 11.5376474427115 11.5366531630975 11.5479246223742 11.5566505651617 11.5319115919372 11.4717462027551 11.4241405988114 11.4378267868784 11.5116553641621 11.5722283367015 11.532926788582 11.4228750371237 11.3243050229614 11.2340716323985 11.144914844709 11.0656982984248 10.9925777640129 10.9225396215194 10.8598977648189 10.8050453724488 10.7529698962247 10.7045616390482 10.6604014316376 10.6180380317103 10.576191835207 10.5365173596437 10.4959880291968 10.4633407802045 10.4313481086563 10.4059065806814 10.3852579795385 10.3698963285463 10.3595334750391 10.3546571706704 10.3557613408557 10.3639082627323 10.3797749521041
11.7898597752356 11.7292045225496 11.6769340705296 11.6307453081886 11.589603068318 11.5547785073056 11.5341796120369 11.5142615007811 11.4788624361628 11.4527011354247 11.4425828186287 11.4401022642581 11.4333107944635 11.4073540007185 11.3637280840436 11.3243419238704 11.3148372167546 11.3343092222493 11.3462725325654 11.3103782080886 11.2372856449645 11.1604829557792 11.0878675644214 11.017066856841 10.9516521088492 10.8912263959258 10.8328907629232 10.7777713023622 10.7287886746826 10.683489093145 10.6408634948512 10.6011769850266 10.5638681240788 10.5280295639494 10.4932748036525 10.4565922388863 10.4278182199844 10.3998228559001 10.3776719219917 10.3595213066406 10.3459586370068 10.3366548557989 10.3318579161676 10.3320014753482 10.3384015563272 10.3512724623706
11.736863252978 11.6728626864862 11.6200944031912 11.5738962646698 11.5324106933867 11.4965994730334 11.4741300430092 11.4517251075979 11.4133133482729 11.3836758926266 11.3682281086564 11.3570256308532 11.3410815964464 11.3126344499998 11.2742753413903 11.2375503761718 11.2159778622595 11.2089731192244 11.1980273903948 11.1635660259708 11.1070076853653 11.0432705475061 10.9813117256154 10.9217901163192 10.8651900540975 10.812717635875 10.7629348420466 10.7143631308573 10.6694044455627 10.6279952867088 10.5899041398451 10.5541110362606 10.5202633853263 10.4883143906092 10.4577323055572 10.4244813635539 10.3985120408119 10.3731799202098 10.3534248805972 10.3372371905847 10.3248309433204 10.3159847460046 10.3112811587321 10.3110789852694 10.3164752320724 10.327487793109
11.6934899283991 11.6261006668236 11.5697042385583 11.5229872001428 11.4813857792892 11.4456077212887 11.4226582315396 11.3992089163652 11.3601419531814 11.3283554459198 11.3080306128071 11.2896624727895 11.267307667532 11.2366792698805 11.200183144149 11.1641387685865 11.136286656601 11.115201219256 11.092002386382 11.0573531479871 11.0094713625543 10.95490667158 10.9000760761609 10.8478674191008 10.7978767969521 10.7504610214103 10.7059464721885 10.6629086144083 10.6221619776579 10.5835238565494 10.5482230241155 10.5155644041357 10.4846338404152 10.455311083509 10.427624538163 10.3971214456635 10.3735463771977 10.3502979850704 10.3322592005155 10.317430850308 10.3060424768894 10.2977883564101 10.2933995445564 10.2935210405493 10.2998649462244 10.3122437408929
11.6631362564373 11.5884111658638 11.5288965918186 11.4819809446106 11.4408704033723 11.405580922106 11.3828149958851 11.3593259291422 11.3202795582315 11.2854538726554 11.2603038948032 11.2365563497835 11.2100445528069 11.177756608814 11.1417830722386 11.1059766183418 11.0740366574182 11.0455324633348 11.0157319091766 10.9792239510314 10.9343284251394 10.885972808428 10.8365962215151 10.7890466205359 10.7437383423322 10.7004880411438 10.6593400647133 10.6198615000292 10.5828653117707 10.5473084743029 10.514264174868 10.4837479796182 10.4549742952115 10.4275153190017 10.4017216739719 10.3732717575387 10.3516386726685 10.3300725331502 10.3135330844871 10.2998191271616 10.2894038193127 10.2820465432668 10.2787393588483 10.2815080442949 10.2934583555521 10.3047680066605
11.6263446426798 11.557954703181 11.4969314283588 11.4504827939261 11.4100041422774 11.3751922142209 11.3522519427407 11.3302196468729 11.2884593864112 11.2520300018349 11.2222572054867 11.1948211011657 11.1654225872628 11.1319124832652 11.0961820140146 11.0600398779291 11.0256495121966 10.9934675431483 10.9601105716656 10.9209527153985 10.8799935645907 10.8332886672221 10.7866548297271 10.7419511693289 10.6996441414849 10.6595242373619 10.6211838285466 10.5841574724921 10.5496899443169 10.51675336675 10.4859867907116 10.4573034932239 10.4299918087992 10.4039348184873 10.3793728603979 10.3523849839164 10.3322104574827 10.3120136417361 10.2967805627745 10.2842681819371 10.274894702839 10.2689845194673 10.269959217881 10.2741478929995 10.2867589940416 10.3023975794868
11.5924375302807 11.5216820255475 11.4658717794331 11.4199898195774 11.379754617899 11.3449421842826 11.3218171658405 11.2975936464555 11.2593767116549 11.2175013161357 11.1851204130309 11.1549481716625 11.1234495297586 11.0891974769212 11.0537557983882 11.0178574052484 10.9815983005669 10.9473710947986 10.9146284049783 10.8798840149427 10.8353377068815 10.7933850553239 10.7506711921245 10.7060003165384 10.6641999542107 10.6258800241192 10.5897934070815 10.5546717257637 10.5219171411866 10.4907658760784 10.4617019450206 10.4346575049385 10.4086870025575 10.3836943403206 10.3601021185848 10.3341583028881 10.3151156583752 10.2960016285088 10.2818837463159 10.2706168064512 10.2629131546057 10.2614177255798 10.2620149590804 10.2666547012108 10.2802045805707 10.2849270531926
11.5296575713703 11.4733764257822 11.4222995573019 11.3771055605219 11.3365242808099 11.3010382185434 11.2759550450657 11.2522626324651 11.2123055237053 11.1711826807078 11.1358901363631 11.1035579049219 11.0705952242358 11.0359156654653 11.0006404970101 10.9651067999808 10.9294005860316 10.8946822308354 10.8610851131931 10.8298738469278 10.8011013372173 10.7640333232785 10.7198451624803 10.6798190468974 10.6397682346847 10.6002270059859 10.5644945328457 10.5303874346622 10.4988402170966 10.4688298147982 10.4408550316164 10.4148080565912 10.3899886357219 10.3660989071772 10.3434433916457 10.3183469079915 10.300240152577 10.2821120151909 10.2690294455383 10.2592942087367 10.2559226350734 10.2546217450224 10.2547017138396 10.253945339488 10.2598069130636 10.2691605940803
11.4912741538207 11.4390143387475 11.3900970181824 11.3452974942835 11.3042842378491 11.2677165785445 11.2380705626215 11.2174560452402 11.1794416430159 11.1384628712724 11.0991181875914 11.0652959136056 11.0314139951471 10.9963123434926 10.9609913495031 10.9257279211325 10.8903442801213 10.8555177973263 10.821634553528 10.7880661332626 10.7552125352005 10.7248890931563 10.6968683865209 10.6604628089286 10.6192867642518 10.5840223549364 10.5494090068924 10.5121803129761 10.4799148488532 10.4504126771425 10.4230848409037 10.3976347147023 10.3735101388306 10.3505388156381 10.3289379047549 10.304748491965 10.2874929633788 10.2703070534472 10.2586454858508 10.2528831428806 10.2502470912383 10.2473624709559 10.2430742059302 10.2350931244753 10.2454642886638 10.2557999531033
11.4613087395358 11.41077710838 11.3628795681959 11.3182190844165 11.2770711914586 11.2397777095259 11.2071929966799 11.1843772448202 11.1565021604652 11.111676702316 11.0709827498308 11.0367368315161 11.0018409565755 10.9648423914154 10.9290455057502 10.8941997655891 10.8591696301125 10.8244853366919 10.7905487522606 10.7564394458944 10.7225078899486 10.6898275534778 10.6592684208929 10.6321877643225 10.6068356459405 10.576592658339 10.5371660059598 10.5027224277857 10.4679230662552 10.4361051889813 10.4084359936783 10.3831450669765 10.3594517297904 10.3371645734156 10.3163850560073 10.2930692644589 10.2767722384755 10.2609524028192 10.25302501714 10.2485738122431 10.2433924954061 10.2372087788419 10.2245568830335 10.2215443109383 10.2336334835876 10.2447822489491
11.4366186720763 11.3866403691736 11.3392910783088 11.294979730012 11.2543640870678 11.2175253837234 11.1830634009527 11.1607641163179 11.1358204268644 11.0926428857031 11.0494625039748 11.0168325704749 10.9817229532561 10.9436463361134 10.9064139740146 10.8730408292384 10.8374588402132 10.8028809595543 10.7686191857932 10.7324898394415 10.6980802626009 10.666791797139 10.6361233594664 10.6046275800116 10.5812527229097 10.5602311938767 10.5361437141673 10.4939287957343 10.4575280664547 10.4289936528336 10.3997440984315 10.3721920872895 10.3481877367931 10.3261287612852 10.3060145908355 10.2835746048663 10.2687938635339 10.2568407504668 10.2499631778579 10.2422251664368 10.235052641971 10.2192841340659 10.2117833796246 10.210585100266 10.2233503170702 10.2373310171176
11.4161296796092 11.3660996838035 11.3190358498665 11.2754025796176 11.2377770796296 11.2018779576236 11.1669339641334 11.1426533394997 11.1189570386315 11.0721583598522 11.0340899119493 11.0069021486816 10.9730196329978 10.9289037367517 10.8929297166522 10.8582945803833 10.826299556381 10.7925890828552 10.7562930677459 10.7209326275893 10.6828004192168 10.6520679832391 10.6193661888519 10.5911815928013 10.5662574953882 10.5399040404926 10.5084092838347 10.4769422424356 10.4536089108121 10.4219794250565 10.3926486022131 10.368753829275 10.3424840362481 10.3186463857773 10.2989256209119 10.2782451806871 10.2677188506948 10.2538861881113 10.2447774013206 10.2354001072403 10.2177178053652 10.2073799251778 10.2018387244812 10.2010240995165 10.2136670438437 10.2261766279254
11.3994155609631 11.3489626402289 11.3021148216808 11.2594494841196 11.2266990157788 11.1963185610821 11.1538710056929 11.1255038794934 11.1005823132716 11.0538753030782 11.0114390875682 10.9900273008806 10.960433882022 10.9182520565189 10.8775392114908 10.8516900995839 10.8170496852465 10.7863402903818 10.7597011250126 10.7094402025062 10.6740543226298 10.6417423553268 10.6149718914746 10.577695134092 10.5492232624014 10.5236819371513 10.4825887637679 10.4514981881811 10.4278524267368 10.4110367422963 10.3929135914319 10.3639939946619 10.3400054549307 10.319897949778 10.3011351595995 10.2824188674904 10.2651304275403 10.2529586725017 10.237856072254 10.2192031540316 10.2068728198348 10.1984351032969 10.1934592259011 10.1926938276709 10.204722356338 10.2146518513848
