src/test/resources/grids/valid/expected/kernel.asc
ncols         199
nrows         199
xllcorner     10
yllcorner     10
cellsize      20
NODATA_value  -9999
[rows 136 to 169 of 199, columns 0 to 76 of 199]
0.113 0.115 0.117 0.118 0.12 0.122 0.124 0.126 0.128 0.13 0.133 0.135 0.137 0.14 0.142 0.145 0.148 0.151 0.154 0.158 0.161 0.165 0.169 0.174 0.179 0.184 0.19 0.196 0.202 0.209 0.216 0.224 0.232 0.241 0.25 0.259 0.269 0.28 0.29 0.301 0.313 0.325 0.337 0.35 0.363 0.377 0.391 0.405 0.42 0.434 0.449 0.463 0.477 0.491 0.504 0.517 0.53 0.544 0.56 0.577 0.596 0.618 0.644 0.672 0.704 0.738 0.773 0.809 0.844 0.877 0.907 0.934 0.958 0.982 1.008 1.041 1.081
0.112 0.114 0.116 0.118 0.12 0.122 0.123 0.126 0.128 0.13 0.132 0.134 0.137 0.139 0.142 0.145 0.148 0.151 0.155 0.158 0.162 0.166 0.171 0.176 0.181 0.187 0.192 0.199 0.206 0.213 0.22 0.228 0.237 0.245 0.254 0.264 0.274 0.284 0.294 0.305 0.317 0.329 0.341 0.353 0.366 0.379 0.393 0.406 0.42 0.433 0.446 0.459 0.472 0.484 0.496 0.509 0.522 0.536 0.552 0.57 0.591 0.615 0.641 0.671 0.702 0.735 0.769 0.802 0.833 0.861 0.887 0.91 0.931 0.955 0.982 1.017 1.06
0.112 0.114 0.115 0.117 0.119 0.121 0.123 0.125 0.127 0.129 0.131 0.134 0.136 0.139 0.142 0.145 0.148 0.152 0.155 0.159 0.163 0.168 0.173 0.178 0.184 0.189 0.196 0.202 0.209 0.217 0.224 0.233 0.241 0.25 0.259 0.268 0.278 0.288 0.298 0.309 0.32 0.332 0.344 0.356 0.368 0.381 0.393 0.406 0.419 0.431 0.443 0.454 0.465 0.477 0.488 0.501 0.514 0.529 0.546 0.566 0.588 0.613 0.64 0.669 0.7 0.731 0.762 0.792 0.819 0.843 0.865 0.885 0.906 0.93 0.96 0.997 1.042
0.111 0.113 0.115 0.116 0.118 0.12 0.122 0.124 0.126 0.129 0.131 0.134 0.136 0.139 0.142 0.145 0.149 0.153 0.157 0.161 0.165 0.17 0.175 0.181 0.187 0.193 0.199 0.206 0.213 0.221 0.228 0.237 0.245 0.254 0.262 0.272 0.281 0.291 0.301 0.312 0.323 0.334 0.346 0.357 0.369 0.381 0.393 0.404 0.416 0.427 0.437 0.448 0.458 0.469 0.481 0.493 0.508 0.524 0.542 0.563 0.586 0.611 0.639 0.667 0.697 0.726 0.754 0.779 0.803 0.823 0.842 0.861 0.882 0.908 0.94 0.979 1.024
0.111 0.112 0.114 0.116 0.118 0.12 0.122 0.124 0.126 0.129 0.131 0.134 0.137 0.14 0.143 0.146 0.15 0.154 0.158 0.163 0.168 0.173 0.178 0.184 0.19 0.196 0.203 0.21 0.217 0.224 0.232 0.24 0.248 0.257 0.266 0.275 0.284 0.294 0.304 0.315 0.325 0.336 0.347 0.358 0.369 0.38 0.391 0.401 0.412 0.422 0.431 0.441 0.451 0.462 0.474 0.488 0.503 0.52 0.539 0.561 0.585 0.61 0.637 0.664 0.692 0.718 0.743 0.765 0.785 0.803 0.82 0.839 0.861 0.889 0.923 0.964 1.008
0.11 0.112 0.114 0.115 0.117 0.119 0.122 0.124 0.126 0.129 0.131 0.134 0.137 0.141 0.144 0.148 0.152 0.156 0.161 0.165 0.17 0.176 0.181 0.187 0.193 0.2 0.206 0.213 0.22 0.228 0.236 0.243 0.252 0.26 0.269 0.278 0.287 0.297 0.306 0.317 0.327 0.337 0.348 0.358 0.368 0.378 0.388 0.397 0.407 0.416 0.425 0.434 0.445 0.456 0.469 0.483 0.499 0.517 0.538 0.56 0.584 0.609 0.635 0.66 0.685 0.709 0.73 0.749 0.766 0.782 0.799 0.818 0.842 0.872 0.908 0.949 0.991
0.11 0.111 0.113 0.115 0.117 0.119 0.122 0.124 0.127 0.129 0.132 0.135 0.138 0.142 0.146 0.15 0.154 0.158 0.163 0.168 0.173 0.179 0.184 0.19 0.197 0.203 0.21 0.217 0.224 0.231 0.239 0.246 0.254 0.263 0.271 0.28 0.289 0.299 0.308 0.318 0.328 0.337 0.347 0.357 0.366 0.375 0.384 0.392 0.401 0.41 0.419 0.428 0.439 0.451 0.464 0.48 0.497 0.516 0.537 0.559 0.583 0.607 0.631 0.655 0.677 0.697 0.716 0.732 0.747 0.762 0.779 0.8 0.826 0.858 0.894 0.934 0.974
0.109 0.111 0.113 0.115 0.117 0.119 0.122 0.124 0.127 0.13 0.133 0.136 0.14 0.144 0.148 0.152 0.156 0.161 0.166 0.171 0.176 0.182 0.187 0.193 0.2 0.206 0.213 0.22 0.227 0.234 0.241 0.249 0.257 0.265 0.274 0.282 0.291 0.3 0.309 0.318 0.328 0.337 0.346 0.354 0.363 0.371 0.379 0.387 0.395 0.404 0.413 0.423 0.434 0.447 0.461 0.477 0.495 0.515 0.536 0.558 0.581 0.604 0.626 0.647 0.667 0.684 0.7 0.714 0.728 0.744 0.762 0.784 0.812 0.845 0.881 0.919 0.956
0.109 0.111 0.113 0.115 0.118 0.12 0.123 0.125 0.128 0.131 0.135 0.138 0.142 0.146 0.15 0.154 0.159 0.163 0.168 0.174 0.179 0.185 0.19 0.196 0.203 0.209 0.215 0.222 0.229 0.236 0.244 0.251 0.259 0.267 0.275 0.284 0.292 0.301 0.31 0.318 0.327 0.335 0.343 0.351 0.359 0.366 0.374 0.381 0.389 0.398 0.408 0.418 0.43 0.444 0.459 0.476 0.495 0.514 0.535 0.556 0.578 0.599 0.619 0.638 0.655 0.67 0.684 0.697 0.711 0.727 0.746 0.771 0.8 0.833 0.868 0.904 0.938
0.109 0.111 0.113 0.116 0.118 0.121 0.123 0.126 0.129 0.133 0.136 0.14 0.144 0.148 0.152 0.157 0.161 0.166 0.171 0.176 0.182 0.187 0.193 0.199 0.205 0.211 0.218 0.225 0.231 0.238 0.246 0.253 0.261 0.269 0.277 0.285 0.293 0.301 0.309 0.317 0.325 0.333 0.34 0.347 0.354 0.361 0.368 0.376 0.384 0.393 0.404 0.415 0.428 0.442 0.458 0.475 0.494 0.513 0.534 0.554 0.574 0.593 0.611 0.628 0.642 0.656 0.668 0.68 0.694 0.711 0.733 0.759 0.788 0.821 0.855 0.888 0.919
0.11 0.112 0.114 0.116 0.119 0.122 0.125 0.128 0.131 0.134 0.138 0.142 0.146 0.15 0.155 0.159 0.164 0.169 0.174 0.179 0.184 0.19 0.196 0.201 0.207 0.214 0.22 0.227 0.233 0.24 0.247 0.255 0.262 0.27 0.278 0.285 0.293 0.301 0.308 0.315 0.322 0.329 0.336 0.343 0.349 0.356 0.363 0.371 0.38 0.389 0.4 0.413 0.426 0.441 0.457 0.475 0.493 0.512 0.532 0.551 0.569 0.586 0.602 0.616 0.629 0.64 0.652 0.665 0.68 0.698 0.721 0.748 0.778 0.81 0.841 0.871 0.899
0.11 0.112 0.115 0.117 0.12 0.123 0.126 0.129 0.133 0.136 0.14 0.144 0.148 0.153 0.157 0.162 0.166 0.171 0.176 0.181 0.187 0.192 0.198 0.204 0.21 0.216 0.222 0.228 0.235 0.242 0.249 0.256 0.263 0.271 0.278 0.285 0.292 0.299 0.306 0.313 0.319 0.325 0.332 0.338 0.344 0.351 0.359 0.367 0.376 0.387 0.398 0.411 0.425 0.44 0.457 0.474 0.492 0.511 0.529 0.546 0.563 0.578 0.592 0.604 0.615 0.626 0.637 0.65 0.666 0.686 0.71 0.738 0.767 0.798 0.827 0.854 0.88
0.111 0.113 0.116 0.119 0.122 0.125 0.128 0.131 0.135 0.139 0.142 0.146 0.151 0.155 0.159 0.164 0.169 0.173 0.178 0.184 0.189 0.194 0.2 0.205 0.211 0.217 0.224 0.23 0.237 0.243 0.25 0.257 0.264 0.271 0.278 0.284 0.291 0.297 0.303 0.31 0.315 0.321 0.327 0.333 0.34 0.347 0.355 0.364 0.373 0.384 0.397 0.41 0.424 0.44 0.456 0.473 0.491 0.508 0.525 0.541 0.555 0.568 0.58 0.591 0.601 0.611 0.623 0.637 0.655 0.676 0.701 0.728 0.757 0.785 0.812 0.837 0.861
0.112 0.115 0.117 0.12 0.123 0.126 0.13 0.133 0.137 0.141 0.145 0.149 0.153 0.157 0.162 0.166 0.171 0.176 0.18 0.186 0.191 0.196 0.202 0.207 0.213 0.219 0.225 0.231 0.238 0.244 0.251 0.257 0.264 0.27 0.277 0.283 0.289 0.295 0.3 0.306 0.311 0.317 0.323 0.329 0.336 0.343 0.352 0.361 0.371 0.383 0.396 0.409 0.424 0.44 0.456 0.472 0.488 0.504 0.52 0.534 0.547 0.558 0.568 0.578 0.587 0.598 0.61 0.626 0.645 0.667 0.692 0.719 0.746 0.772 0.797 0.82 0.842
0.113 0.116 0.119 0.122 0.125 0.128 0.132 0.135 0.139 0.143 0.147 0.151 0.155 0.159 0.164 0.168 0.173 0.177 0.182 0.187 0.192 0.198 0.203 0.209 0.214 0.22 0.226 0.232 0.239 0.245 0.251 0.257 0.263 0.269 0.275 0.281 0.286 0.291 0.297 0.302 0.307 0.313 0.319 0.325 0.332 0.34 0.349 0.359 0.37 0.382 0.395 0.409 0.424 0.439 0.455 0.47 0.485 0.5 0.513 0.526 0.537 0.547 0.556 0.565 0.575 0.586 0.599 0.616 0.636 0.659 0.684 0.71 0.735 0.759 0.781 0.802 0.823
0.115 0.117 0.12 0.124 0.127 0.13 0.134 0.137 0.141 0.145 0.149 0.153 0.157 0.161 0.165 0.17 0.174 0.179 0.184 0.189 0.194 0.199 0.204 0.21 0.216 0.221 0.227 0.233 0.239 0.245 0.251 0.256 0.262 0.268 0.273 0.278 0.283 0.288 0.293 0.298 0.303 0.309 0.315 0.322 0.33 0.338 0.348 0.358 0.369 0.382 0.395 0.409 0.423 0.438 0.453 0.467 0.481 0.494 0.506 0.517 0.527 0.536 0.544 0.553 0.563 0.575 0.589 0.607 0.628 0.651 0.675 0.7 0.723 0.745 0.766 0.785 0.806
0.116 0.119 0.122 0.125 0.129 0.132 0.136 0.139 0.143 0.147 0.151 0.154 0.159 0.163 0.167 0.171 0.176 0.181 0.185 0.19 0.195 0.2 0.206 0.211 0.217 0.222 0.228 0.233 0.239 0.245 0.25 0.255 0.26 0.265 0.27 0.275 0.28 0.284 0.289 0.294 0.3 0.306 0.312 0.319 0.327 0.336 0.346 0.357 0.369 0.381 0.395 0.408 0.422 0.436 0.45 0.464 0.476 0.488 0.499 0.508 0.516 0.524 0.532 0.541 0.552 0.565 0.581 0.599 0.621 0.643 0.667 0.69 0.711 0.731 0.75 0.769 0.789
0.118 0.121 0.124 0.127 0.13 0.134 0.137 0.141 0.145 0.148 0.152 0.156 0.16 0.164 0.169 0.173 0.177 0.182 0.187 0.191 0.196 0.202 0.207 0.212 0.217 0.223 0.228 0.233 0.239 0.244 0.249 0.254 0.258 0.263 0.267 0.272 0.276 0.281 0.286 0.291 0.296 0.303 0.31 0.317 0.326 0.335 0.346 0.357 0.369 0.381 0.394 0.408 0.421 0.434 0.447 0.459 0.471 0.481 0.49 0.498 0.506 0.513 0.521 0.531 0.542 0.556 0.573 0.592 0.614 0.636 0.658 0.679 0.699 0.717 0.735 0.753 0.773
0.119 0.122 0.126 0.129 0.132 0.136 0.139 0.143 0.146 0.15 0.154 0.158 0.162 0.166 0.17 0.174 0.179 0.183 0.188 0.193 0.197 0.202 0.207 0.213 0.218 0.223 0.228 0.233 0.238 0.242 0.247 0.251 0.256 0.26 0.264 0.268 0.273 0.277 0.282 0.288 0.294 0.3 0.308 0.316 0.325 0.335 0.345 0.357 0.369 0.381 0.394 0.406 0.419 0.431 0.443 0.454 0.464 0.473 0.481 0.488 0.495 0.503 0.511 0.521 0.534 0.549 0.566 0.586 0.607 0.628 0.649 0.668 0.686 0.703 0.72 0.738 0.758
0.121 0.124 0.127 0.13 0.134 0.137 0.141 0.144 0.148 0.151 0.155 0.159 0.163 0.167 0.171 0.175 0.18 0.184 0.189 0.194 0.198 0.203 0.208 0.213 0.218 0.222 0.227 0.232 0.236 0.241 0.245 0.249 0.253 0.257 0.261 0.265 0.269 0.274 0.279 0.285 0.292 0.299 0.306 0.315 0.324 0.334 0.345 0.356 0.368 0.38 0.392 0.405 0.416 0.428 0.438 0.448 0.457 0.465 0.472 0.478 0.485 0.493 0.502 0.513 0.526 0.542 0.56 0.579 0.6 0.62 0.639 0.657 0.673 0.689 0.705 0.723 0.744
0.123 0.126 0.129 0.132 0.135 0.139 0.142 0.145 0.149 0.153 0.156 0.16 0.164 0.168 0.172 0.176 0.181 0.185 0.19 0.194 0.199 0.204 0.208 0.213 0.217 0.222 0.226 0.23 0.234 0.238 0.242 0.246 0.25 0.254 0.258 0.262 0.266 0.271 0.277 0.283 0.29 0.297 0.306 0.314 0.324 0.334 0.345 0.356 0.368 0.379 0.391 0.402 0.413 0.423 0.433 0.441 0.449 0.456 0.462 0.469 0.475 0.484 0.493 0.505 0.519 0.536 0.554 0.573 0.593 0.611 0.629 0.645 0.66 0.675 0.691 0.709 0.73
0.124 0.127 0.13 0.133 0.137 0.14 0.143 0.147 0.15 0.154 0.157 0.161 0.165 0.169 0.173 0.177 0.182 0.186 0.19 0.195 0.199 0.204 0.208 0.212 0.217 0.221 0.225 0.228 0.232 0.236 0.239 0.243 0.247 0.251 0.255 0.259 0.264 0.269 0.275 0.282 0.289 0.296 0.305 0.314 0.324 0.334 0.345 0.356 0.367 0.378 0.389 0.399 0.409 0.418 0.427 0.434 0.441 0.447 0.453 0.459 0.467 0.475 0.486 0.499 0.514 0.53 0.548 0.567 0.585 0.603 0.619 0.634 0.648 0.662 0.678 0.696 0.718
0.126 0.129 0.132 0.135 0.138 0.141 0.144 0.148 0.151 0.155 0.159 0.162 0.166 0.17 0.174 0.178 0.182 0.187 0.191 0.195 0.199 0.203 0.208 0.212 0.215 0.219 0.223 0.226 0.23 0.233 0.237 0.24 0.244 0.248 0.252 0.257 0.262 0.267 0.274 0.28 0.288 0.296 0.305 0.314 0.324 0.334 0.344 0.355 0.366 0.376 0.386 0.396 0.405 0.413 0.42 0.427 0.433 0.438 0.444 0.451 0.458 0.468 0.479 0.493 0.508 0.525 0.543 0.56 0.577 0.593 0.608 0.622 0.635 0.65 0.666 0.684 0.705
0.127 0.13 0.133 0.136 0.139 0.142 0.145 0.149 0.152 0.156 0.159 0.163 0.167 0.171 0.175 0.179 0.183 0.187 0.191 0.195 0.199 0.203 0.207 0.21 0.214 0.217 0.221 0.224 0.227 0.23 0.234 0.237 0.241 0.245 0.25 0.255 0.26 0.266 0.272 0.28 0.287 0.296 0.305 0.314 0.324 0.334 0.344 0.354 0.364 0.374 0.383 0.392 0.4 0.407 0.413 0.419 0.424 0.43 0.436 0.443 0.451 0.461 0.473 0.487 0.503 0.52 0.537 0.554 0.569 0.584 0.598 0.61 0.623 0.638 0.654 0.673 0.694
0.128 0.131 0.134 0.137 0.14 0.143 0.146 0.15 0.153 0.157 0.16 0.164 0.168 0.172 0.175 0.179 0.183 0.187 0.191 0.195 0.198 0.202 0.205 0.209 0.212 0.215 0.218 0.221 0.225 0.228 0.231 0.235 0.239 0.243 0.248 0.253 0.259 0.265 0.272 0.279 0.287 0.296 0.305 0.314 0.323 0.333 0.343 0.352 0.362 0.371 0.379 0.387 0.394 0.4 0.406 0.411 0.416 0.422 0.428 0.435 0.444 0.455 0.468 0.483 0.498 0.515 0.531 0.546 0.561 0.574 0.587 0.599 0.612 0.626 0.643 0.661 0.682
0.129 0.132 0.135 0.138 0.141 0.144 0.147 0.151 0.154 0.158 0.161 0.165 0.168 0.172 0.176 0.179 0.183 0.187 0.19 0.194 0.197 0.201 0.204 0.207 0.21 0.213 0.216 0.219 0.222 0.225 0.229 0.232 0.237 0.241 0.246 0.252 0.258 0.264 0.271 0.279 0.287 0.296 0.304 0.314 0.323 0.332 0.342 0.351 0.359 0.367 0.375 0.382 0.388 0.393 0.398 0.403 0.408 0.414 0.421 0.429 0.439 0.45 0.463 0.478 0.493 0.509 0.524 0.539 0.552 0.565 0.576 0.588 0.601 0.615 0.632 0.651 0.671
0.13 0.133 0.136 0.139 0.142 0.145 0.148 0.151 0.155 0.158 0.162 0.165 0.169 0.172 0.176 0.179 0.183 0.186 0.19 0.193 0.196 0.199 0.202 0.205 0.208 0.211 0.213 0.216 0.22 0.223 0.227 0.231 0.235 0.24 0.245 0.251 0.257 0.264 0.271 0.279 0.287 0.296 0.304 0.313 0.322 0.331 0.34 0.348 0.356 0.363 0.37 0.376 0.381 0.386 0.391 0.396 0.401 0.407 0.414 0.423 0.433 0.446 0.459 0.474 0.489 0.504 0.518 0.531 0.543 0.555 0.566 0.577 0.59 0.605 0.622 0.641 0.661
0.131 0.134 0.137 0.14 0.143 0.146 0.149 0.152 0.155 0.159 0.162 0.166 0.169 0.172 0.176 0.179 0.182 0.186 0.189 0.192 0.195 0.197 0.2 0.203 0.205 0.208 0.211 0.214 0.217 0.221 0.225 0.229 0.234 0.239 0.244 0.25 0.257 0.264 0.271 0.279 0.287 0.295 0.304 0.313 0.321 0.329 0.338 0.345 0.352 0.359 0.365 0.37 0.375 0.379 0.384 0.389 0.394 0.401 0.408 0.418 0.429 0.441 0.455 0.469 0.484 0.498 0.511 0.523 0.534 0.545 0.556 0.567 0.58 0.595 0.612 0.631 0.65
0.132 0.134 0.137 0.14 0.143 0.146 0.15 0.153 0.156 0.159 0.162 0.166 0.169 0.172 0.175 0.179 0.182 0.184 0.187 0.19 0.193 0.195 0.198 0.2 0.203 0.206 0.209 0.212 0.215 0.219 0.223 0.228 0.232 0.238 0.244 0.25 0.257 0.264 0.271 0.279 0.287 0.295 0.303 0.312 0.32 0.327 0.335 0.342 0.348 0.354 0.359 0.364 0.368 0.373 0.377 0.382 0.388 0.395 0.403 0.413 0.425 0.437 0.451 0.465 0.479 0.492 0.504 0.515 0.525 0.535 0.546 0.557 0.571 0.586 0.603 0.621 0.64
0.132 0.135 0.138 0.141 0.144 0.147 0.15 0.153 0.156 0.159 0.163 0.166 0.169 0.172 0.175 0.178 0.18 0.183 0.186 0.188 0.191 0.193 0.196 0.198 0.201 0.204 0.207 0.21 0.214 0.218 0.222 0.227 0.232 0.237 0.243 0.25 0.257 0.264 0.271 0.279 0.287 0.295 0.302 0.31 0.318 0.325 0.332 0.338 0.344 0.349 0.354 0.358 0.362 0.366 0.37 0.376 0.382 0.39 0.399 0.409 0.421 0.434 0.447 0.46 0.473 0.485 0.497 0.507 0.516 0.526 0.536 0.548 0.562 0.577 0.594 0.612 0.629
0.133 0.136 0.139 0.142 0.144 0.147 0.15 0.154 0.157 0.16 0.163 0.166 0.168 0.171 0.174 0.177 0.179 0.182 0.184 0.186 0.189 0.191 0.194 0.196 0.199 0.202 0.205 0.208 0.212 0.216 0.221 0.226 0.231 0.237 0.243 0.25 0.257 0.264 0.271 0.279 0.286 0.294 0.301 0.309 0.316 0.322 0.328 0.334 0.339 0.343 0.348 0.351 0.355 0.359 0.364 0.37 0.377 0.385 0.395 0.405 0.417 0.43 0.443 0.455 0.468 0.479 0.489 0.498 0.508 0.517 0.527 0.539 0.553 0.568 0.585 0.602 0.619
0.134 0.136 0.139 0.142 0.145 0.148 0.151 0.154 0.157 0.159 0.162 0.165 0.168 0.17 0.173 0.175 0.178 0.18 0.182 0.184 0.187 0.189 0.192 0.194 0.197 0.2 0.203 0.207 0.211 0.215 0.22 0.225 0.231 0.237 0.243 0.25 0.257 0.264 0.271 0.278 0.285 0.293 0.3 0.307 0.313 0.319 0.325 0.329 0.334 0.338 0.342 0.345 0.349 0.353 0.359 0.365 0.372 0.381 0.391 0.402 0.414 0.426 0.438 0.45 0.462 0.472 0.481 0.49 0.499 0.508 0.519 0.531 0.545 0.56 0.577 0.593 0.609
0.134 0.137 0.14 0.142 0.145 0.148 0.151 0.154 0.156 0.159 0.162 0.164 0.167 0.169 0.171 0.174 0.176 0.178 0.18 0.182 0.185 0.187 0.19 0.192 0.195 0.199 0.202 0.206 0.21 0.215 0.22 0.225 0.231 0.237 0.243 0.25 0.256 0.263 0.27 0.278 0.285 0.291 0.298 0.304 0.31 0.315 0.32 0.325 0.329 0.332 0.336 0.339 0.343 0.348 0.353 0.36 0.368 0.377 0.387 0.399 0.41 0.422 0.434 0.445 0.455 0.465 0.474 0.482 0.491 0.5 0.511 0.523 0.537 0.552 0.568 0.584 0.599
0.135 0.137 0.14 0.143 0.145 0.148 0.151 0.153 0.156 0.159 0.161 0.163 0.166 0.168 0.17 0.172 0.174 0.176 0.178 0.181 0.183 0.185 0.188 0.191 0.194 0.197 0.201 0.205 0.21 0.214 0.22 0.225 0.231 0.237 0.243 0.25 0.256 0.263 0.27 0.277 0.283 0.29 0.296 0.301 0.307 0.312 0.316 0.32 0.323 0.327 0.33 0.334 0.338 0.343 0.349 0.356 0.364 0.374 0.384 0.395 0.407 0.418 0.429 0.44 0.449 0.458 0.466 0.474 0.482 0.492 0.503 0.515 0.529 0.545 0.56 0.575 0.588
