src/test/resources/grids/valid/expected/kernel.asc
ncols         199
nrows         199
xllcorner     10
yllcorner     10
cellsize      20
NODATA_value  -9999
[rows 102 to 135 of 199, columns 0 to 76 of 199]
0.115 0.117 0.119 0.121 0.123 0.125 0.127 0.13 0.132 0.134 0.137 0.139 0.142 0.145 0.148 0.151 0.154 0.157 0.16 0.163 0.167 0.17 0.174 0.178 0.182 0.186 0.19 0.195 0.199 0.204 0.209 0.214 0.219 0.225 0.23 0.236 0.243 0.249 0.256 0.263 0.271 0.278 0.286 0.295 0.304 0.313 0.323 0.333 0.344 0.356 0.368 0.381 0.394 0.409 0.424 0.44 0.457 0.476 0.495 0.516 0.539 0.563 0.589 0.616 0.647 0.679 0.715 0.753 0.796 0.842 0.893 0.95 1.012 1.082 1.16 1.248 1.348
0.113 0.115 0.117 0.119 0.121 0.123 0.125 0.128 0.13 0.132 0.135 0.137 0.14 0.143 0.146 0.148 0.151 0.154 0.158 0.161 0.164 0.168 0.171 0.175 0.179 0.183 0.187 0.191 0.196 0.2 0.205 0.21 0.215 0.221 0.226 0.232 0.238 0.245 0.251 0.258 0.266 0.273 0.281 0.29 0.298 0.308 0.317 0.328 0.338 0.35 0.362 0.375 0.388 0.402 0.418 0.434 0.451 0.47 0.49 0.511 0.534 0.558 0.585 0.614 0.645 0.679 0.716 0.757 0.802 0.851 0.905 0.966 1.033 1.108 1.192 1.286 1.392
0.112 0.113 0.115 0.117 0.119 0.122 0.124 0.126 0.128 0.131 0.133 0.135 0.138 0.141 0.143 0.146 0.149 0.152 0.155 0.158 0.162 0.165 0.169 0.172 0.176 0.18 0.184 0.188 0.193 0.197 0.202 0.207 0.212 0.217 0.223 0.229 0.235 0.241 0.248 0.255 0.262 0.27 0.278 0.286 0.295 0.304 0.314 0.324 0.335 0.347 0.359 0.372 0.386 0.401 0.416 0.433 0.451 0.47 0.491 0.514 0.538 0.564 0.592 0.623 0.656 0.692 0.732 0.776 0.824 0.876 0.934 0.998 1.069 1.147 1.233 1.329 1.436
0.11 0.112 0.114 0.116 0.118 0.12 0.122 0.124 0.126 0.129 0.131 0.133 0.136 0.139 0.141 0.144 0.147 0.15 0.153 0.156 0.159 0.163 0.166 0.17 0.174 0.178 0.182 0.186 0.19 0.195 0.2 0.204 0.21 0.215 0.221 0.226 0.233 0.239 0.246 0.253 0.26 0.268 0.276 0.285 0.294 0.303 0.313 0.324 0.335 0.348 0.36 0.374 0.389 0.404 0.421 0.439 0.458 0.478 0.5 0.524 0.55 0.578 0.608 0.64 0.676 0.714 0.756 0.801 0.851 0.904 0.963 1.027 1.096 1.172 1.256 1.346 1.446
0.109 0.111 0.112 0.114 0.116 0.118 0.12 0.123 0.125 0.127 0.129 0.132 0.134 0.137 0.14 0.142 0.145 0.148 0.151 0.154 0.158 0.161 0.165 0.168 0.172 0.176 0.18 0.184 0.189 0.193 0.198 0.203 0.209 0.214 0.22 0.226 0.232 0.239 0.246 0.253 0.261 0.269 0.277 0.286 0.296 0.306 0.316 0.328 0.34 0.352 0.366 0.381 0.396 0.413 0.43 0.449 0.469 0.491 0.515 0.54 0.566 0.595 0.626 0.66 0.696 0.735 0.776 0.821 0.869 0.921 0.977 1.037 1.102 1.173 1.249 1.333 1.426
0.108 0.109 0.111 0.113 0.115 0.117 0.119 0.121 0.124 0.126 0.128 0.131 0.133 0.136 0.139 0.141 0.144 0.147 0.15 0.153 0.157 0.16 0.164 0.168 0.171 0.175 0.18 0.184 0.189 0.193 0.198 0.203 0.209 0.215 0.221 0.227 0.233 0.24 0.248 0.255 0.263 0.272 0.281 0.29 0.3 0.311 0.322 0.334 0.347 0.361 0.375 0.39 0.407 0.424 0.442 0.462 0.483 0.505 0.529 0.555 0.581 0.61 0.641 0.673 0.708 0.745 0.785 0.827 0.872 0.92 0.972 1.028 1.088 1.154 1.226 1.306 1.394
0.107 0.108 0.11 0.112 0.114 0.116 0.118 0.121 0.123 0.125 0.128 0.13 0.133 0.135 0.138 0.141 0.144 0.147 0.15 0.153 0.157 0.16 0.164 0.168 0.172 0.176 0.18 0.185 0.19 0.195 0.2 0.205 0.211 0.217 0.223 0.23 0.237 0.244 0.252 0.26 0.268 0.277 0.287 0.297 0.308 0.319 0.331 0.343 0.356 0.37 0.385 0.401 0.418 0.435 0.454 0.474 0.494 0.516 0.54 0.564 0.59 0.617 0.646 0.677 0.71 0.744 0.781 0.82 0.862 0.907 0.956 1.009 1.067 1.131 1.201 1.278 1.366
0.106 0.108 0.11 0.112 0.114 0.116 0.118 0.12 0.123 0.125 0.127 0.13 0.133 0.135 0.138 0.141 0.144 0.147 0.151 0.154 0.157 0.161 0.165 0.169 0.173 0.178 0.182 0.187 0.192 0.197 0.203 0.208 0.214 0.221 0.227 0.234 0.242 0.249 0.257 0.266 0.275 0.284 0.294 0.304 0.315 0.327 0.339 0.352 0.365 0.379 0.394 0.41 0.426 0.443 0.462 0.48 0.5 0.521 0.543 0.566 0.591 0.616 0.643 0.672 0.702 0.735 0.77 0.807 0.847 0.891 0.938 0.99 1.047 1.109 1.18 1.261 1.354
0.106 0.108 0.11 0.112 0.114 0.116 0.118 0.12 0.123 0.125 0.128 0.13 0.133 0.136 0.139 0.142 0.145 0.148 0.152 0.155 0.159 0.163 0.167 0.171 0.176 0.18 0.185 0.19 0.195 0.201 0.207 0.213 0.219 0.226 0.233 0.24 0.247 0.255 0.264 0.272 0.282 0.291 0.301 0.312 0.323 0.334 0.346 0.359 0.372 0.386 0.4 0.415 0.431 0.447 0.464 0.482 0.5 0.52 0.541 0.562 0.585 0.609 0.635 0.662 0.692 0.723 0.757 0.793 0.832 0.875 0.922 0.974 1.031 1.097 1.173 1.262 1.37
0.106 0.108 0.11 0.112 0.114 0.116 0.119 0.121 0.124 0.126 0.129 0.132 0.134 0.137 0.14 0.144 0.147 0.15 0.154 0.158 0.162 0.166 0.17 0.174 0.179 0.184 0.189 0.194 0.2 0.205 0.211 0.218 0.224 0.231 0.238 0.245 0.253 0.261 0.27 0.278 0.287 0.297 0.307 0.317 0.328 0.339 0.351 0.363 0.375 0.388 0.402 0.416 0.43 0.446 0.462 0.478 0.496 0.515 0.534 0.555 0.577 0.6 0.625 0.652 0.68 0.711 0.744 0.78 0.819 0.862 0.91 0.964 1.027 1.099 1.186 1.29 1.415
0.107 0.109 0.111 0.113 0.115 0.118 0.12 0.122 0.125 0.128 0.13 0.133 0.136 0.139 0.143 0.146 0.15 0.153 0.157 0.161 0.165 0.169 0.174 0.178 0.183 0.188 0.193 0.199 0.204 0.21 0.216 0.222 0.229 0.236 0.243 0.25 0.258 0.266 0.274 0.283 0.291 0.301 0.31 0.32 0.33 0.341 0.352 0.363 0.375 0.387 0.4 0.413 0.427 0.441 0.457 0.473 0.49 0.507 0.527 0.547 0.568 0.591 0.616 0.642 0.67 0.701 0.734 0.77 0.81 0.856 0.907 0.968 1.039 1.123 1.223 1.34 1.478
0.108 0.11 0.112 0.114 0.117 0.119 0.122 0.124 0.127 0.13 0.133 0.136 0.139 0.142 0.145 0.149 0.153 0.156 0.16 0.164 0.168 0.173 0.177 0.182 0.187 0.192 0.197 0.203 0.208 0.214 0.22 0.226 0.233 0.24 0.247 0.254 0.261 0.269 0.277 0.285 0.293 0.302 0.311 0.32 0.33 0.34 0.35 0.361 0.372 0.383 0.395 0.408 0.422 0.436 0.45 0.466 0.483 0.5 0.519 0.539 0.56 0.583 0.607 0.633 0.662 0.693 0.727 0.765 0.809 0.859 0.918 0.987 1.069 1.164 1.274 1.399 1.542
0.109 0.112 0.114 0.116 0.119 0.121 0.124 0.126 0.129 0.132 0.135 0.138 0.142 0.145 0.148 0.152 0.156 0.16 0.164 0.168 0.172 0.176 0.181 0.186 0.19 0.196 0.201 0.206 0.212 0.217 0.223 0.229 0.236 0.242 0.249 0.255 0.262 0.27 0.277 0.285 0.293 0.301 0.309 0.318 0.327 0.337 0.346 0.357 0.367 0.379 0.391 0.403 0.416 0.43 0.445 0.46 0.477 0.494 0.513 0.532 0.553 0.576 0.6 0.627 0.656 0.689 0.726 0.769 0.819 0.876 0.943 1.021 1.11 1.212 1.326 1.453 1.592
0.111 0.113 0.116 0.118 0.121 0.123 0.126 0.129 0.132 0.135 0.138 0.141 0.144 0.148 0.151 0.155 0.159 0.163 0.167 0.171 0.175 0.179 0.184 0.188 0.193 0.198 0.203 0.208 0.214 0.219 0.225 0.231 0.236 0.243 0.249 0.255 0.262 0.269 0.276 0.283 0.29 0.298 0.306 0.315 0.324 0.333 0.342 0.352 0.363 0.374 0.386 0.398 0.411 0.425 0.439 0.455 0.471 0.488 0.506 0.526 0.547 0.57 0.596 0.624 0.656 0.693 0.735 0.784 0.84 0.904 0.978 1.061 1.154 1.257 1.37 1.492 1.622
0.113 0.116 0.118 0.121 0.123 0.126 0.129 0.131 0.134 0.137 0.141 0.144 0.147 0.15 0.154 0.158 0.161 0.165 0.169 0.173 0.177 0.181 0.186 0.19 0.195 0.2 0.204 0.209 0.214 0.22 0.225 0.23 0.236 0.242 0.248 0.254 0.26 0.266 0.273 0.28 0.287 0.295 0.303 0.311 0.32 0.329 0.338 0.348 0.359 0.37 0.381 0.394 0.407 0.42 0.434 0.45 0.466 0.483 0.502 0.522 0.544 0.569 0.597 0.628 0.664 0.705 0.753 0.807 0.868 0.938 1.015 1.1 1.193 1.293 1.4 1.513 1.629
0.115 0.118 0.12 0.123 0.125 0.128 0.131 0.134 0.137 0.14 0.143 0.146 0.149 0.153 0.156 0.16 0.163 0.167 0.171 0.175 0.179 0.183 0.187 0.191 0.195 0.2 0.204 0.209 0.214 0.219 0.224 0.229 0.234 0.24 0.245 0.251 0.257 0.264 0.27 0.277 0.284 0.292 0.3 0.308 0.316 0.325 0.335 0.345 0.355 0.366 0.377 0.39 0.402 0.416 0.43 0.445 0.462 0.479 0.499 0.521 0.545 0.572 0.604 0.639 0.68 0.725 0.777 0.835 0.9 0.971 1.048 1.132 1.221 1.315 1.413 1.513 1.613
0.117 0.12 0.122 0.125 0.127 0.13 0.133 0.136 0.139 0.142 0.145 0.148 0.151 0.154 0.157 0.161 0.164 0.168 0.171 0.175 0.179 0.183 0.187 0.191 0.195 0.199 0.203 0.208 0.212 0.217 0.222 0.227 0.232 0.237 0.243 0.249 0.255 0.261 0.267 0.274 0.281 0.289 0.296 0.305 0.313 0.322 0.331 0.341 0.352 0.362 0.374 0.386 0.398 0.412 0.426 0.442 0.459 0.479 0.5 0.524 0.551 0.582 0.617 0.656 0.7 0.75 0.804 0.864 0.929 0.999 1.074 1.154 1.237 1.323 1.409 1.495 1.582
0.119 0.122 0.124 0.127 0.129 0.132 0.134 0.137 0.14 0.143 0.146 0.149 0.152 0.155 0.158 0.161 0.165 0.168 0.171 0.175 0.178 0.182 0.186 0.19 0.194 0.198 0.202 0.206 0.21 0.215 0.22 0.224 0.23 0.235 0.24 0.246 0.252 0.258 0.265 0.272 0.279 0.286 0.294 0.302 0.31 0.319 0.328 0.338 0.348 0.359 0.37 0.382 0.395 0.409 0.425 0.442 0.461 0.482 0.506 0.533 0.563 0.597 0.635 0.677 0.723 0.774 0.829 0.889 0.953 1.02 1.091 1.165 1.24 1.315 1.39 1.465 1.544
0.121 0.123 0.125 0.128 0.13 0.133 0.135 0.138 0.141 0.143 0.146 0.149 0.152 0.155 0.158 0.161 0.164 0.167 0.171 0.174 0.177 0.181 0.184 0.188 0.192 0.196 0.2 0.204 0.208 0.213 0.217 0.222 0.227 0.233 0.238 0.244 0.25 0.256 0.262 0.269 0.276 0.284 0.291 0.299 0.308 0.316 0.325 0.335 0.345 0.356 0.368 0.38 0.394 0.409 0.426 0.445 0.466 0.489 0.516 0.546 0.578 0.615 0.655 0.698 0.746 0.796 0.851 0.909 0.969 1.033 1.098 1.164 1.23 1.295 1.361 1.431 1.509
0.122 0.124 0.126 0.129 0.131 0.133 0.136 0.138 0.141 0.143 0.146 0.149 0.151 0.154 0.157 0.16 0.163 0.166 0.169 0.172 0.176 0.179 0.183 0.186 0.19 0.194 0.198 0.202 0.206 0.211 0.215 0.22 0.225 0.231 0.236 0.242 0.248 0.254 0.26 0.267 0.274 0.281 0.289 0.297 0.305 0.313 0.323 0.332 0.343 0.354 0.367 0.38 0.395 0.412 0.431 0.452 0.475 0.501 0.53 0.561 0.596 0.634 0.674 0.718 0.765 0.815 0.867 0.922 0.979 1.037 1.095 1.153 1.21 1.268 1.33 1.399 1.481
0.122 0.124 0.126 0.129 0.131 0.133 0.136 0.138 0.14 0.143 0.145 0.148 0.151 0.153 0.156 0.159 0.162 0.165 0.168 0.171 0.174 0.177 0.181 0.184 0.188 0.192 0.196 0.2 0.204 0.209 0.214 0.219 0.224 0.229 0.234 0.24 0.246 0.252 0.258 0.265 0.272 0.279 0.286 0.294 0.302 0.311 0.321 0.331 0.342 0.355 0.368 0.383 0.4 0.418 0.439 0.462 0.487 0.515 0.545 0.578 0.613 0.651 0.692 0.735 0.78 0.828 0.877 0.928 0.98 1.032 1.083 1.133 1.185 1.24 1.302 1.375 1.463
0.122 0.124 0.126 0.128 0.131 0.133 0.135 0.137 0.14 0.142 0.144 0.147 0.149 0.152 0.155 0.157 0.16 0.163 0.166 0.169 0.172 0.176 0.179 0.183 0.187 0.19 0.194 0.199 0.203 0.207 0.212 0.217 0.222 0.227 0.233 0.238 0.244 0.25 0.256 0.263 0.269 0.277 0.284 0.292 0.301 0.31 0.32 0.331 0.344 0.357 0.372 0.389 0.407 0.427 0.449 0.474 0.5 0.529 0.56 0.593 0.629 0.666 0.706 0.747 0.791 0.836 0.882 0.928 0.974 1.019 1.064 1.11 1.159 1.215 1.281 1.359 1.451
0.122 0.124 0.126 0.128 0.13 0.132 0.134 0.136 0.138 0.141 0.143 0.145 0.148 0.151 0.153 0.156 0.159 0.162 0.165 0.168 0.171 0.174 0.178 0.181 0.185 0.189 0.193 0.197 0.202 0.206 0.211 0.215 0.22 0.225 0.231 0.236 0.242 0.248 0.254 0.261 0.268 0.275 0.283 0.291 0.301 0.311 0.322 0.334 0.347 0.362 0.378 0.397 0.416 0.438 0.461 0.487 0.514 0.543 0.574 0.607 0.642 0.678 0.716 0.756 0.797 0.838 0.879 0.92 0.96 1 1.042 1.086 1.137 1.196 1.267 1.349 1.441
0.121 0.123 0.125 0.127 0.129 0.131 0.133 0.135 0.137 0.139 0.142 0.144 0.147 0.149 0.152 0.155 0.157 0.16 0.163 0.166 0.17 0.173 0.177 0.18 0.184 0.188 0.192 0.196 0.2 0.205 0.209 0.214 0.219 0.224 0.229 0.234 0.24 0.246 0.252 0.259 0.266 0.274 0.283 0.292 0.302 0.313 0.325 0.338 0.353 0.369 0.387 0.406 0.427 0.45 0.474 0.499 0.527 0.556 0.586 0.618 0.652 0.687 0.723 0.76 0.797 0.834 0.871 0.907 0.943 0.98 1.02 1.066 1.12 1.184 1.258 1.341 1.429
0.12 0.122 0.124 0.126 0.128 0.13 0.132 0.134 0.136 0.138 0.141 0.143 0.145 0.148 0.151 0.153 0.156 0.159 0.162 0.165 0.169 0.172 0.176 0.179 0.183 0.187 0.191 0.195 0.199 0.203 0.208 0.212 0.217 0.222 0.227 0.233 0.239 0.245 0.252 0.259 0.266 0.275 0.284 0.294 0.305 0.317 0.33 0.345 0.361 0.378 0.397 0.417 0.438 0.461 0.485 0.511 0.538 0.566 0.596 0.627 0.659 0.692 0.726 0.759 0.793 0.825 0.858 0.89 0.924 0.96 1.002 1.051 1.109 1.176 1.251 1.331 1.412
0.119 0.121 0.123 0.125 0.126 0.128 0.131 0.133 0.135 0.137 0.139 0.142 0.144 0.147 0.15 0.152 0.155 0.158 0.161 0.164 0.168 0.171 0.174 0.178 0.182 0.185 0.189 0.193 0.197 0.202 0.206 0.211 0.216 0.221 0.226 0.232 0.238 0.244 0.252 0.259 0.268 0.277 0.287 0.298 0.31 0.323 0.337 0.353 0.369 0.387 0.406 0.427 0.448 0.471 0.495 0.52 0.547 0.574 0.603 0.633 0.663 0.693 0.724 0.754 0.783 0.812 0.842 0.872 0.906 0.944 0.989 1.042 1.102 1.17 1.242 1.316 1.387
0.118 0.12 0.122 0.124 0.125 0.128 0.13 0.132 0.134 0.136 0.139 0.141 0.144 0.146 0.149 0.152 0.154 0.157 0.16 0.164 0.167 0.17 0.173 0.177 0.18 0.184 0.188 0.192 0.196 0.2 0.205 0.21 0.214 0.22 0.225 0.231 0.238 0.245 0.253 0.261 0.27 0.28 0.291 0.303 0.316 0.33 0.345 0.361 0.378 0.396 0.416 0.436 0.458 0.48 0.504 0.528 0.554 0.58 0.608 0.635 0.663 0.691 0.718 0.745 0.771 0.797 0.825 0.856 0.891 0.932 0.98 1.035 1.097 1.163 1.23 1.296 1.356
0.117 0.119 0.121 0.123 0.125 0.127 0.129 0.131 0.133 0.135 0.138 0.14 0.143 0.145 0.148 0.151 0.154 0.157 0.159 0.163 0.166 0.169 0.172 0.176 0.179 0.183 0.187 0.191 0.195 0.199 0.204 0.209 0.214 0.219 0.225 0.232 0.239 0.247 0.255 0.264 0.274 0.285 0.297 0.309 0.323 0.338 0.353 0.369 0.387 0.405 0.424 0.444 0.465 0.487 0.51 0.534 0.559 0.584 0.609 0.635 0.66 0.684 0.709 0.732 0.757 0.782 0.811 0.843 0.881 0.925 0.975 1.031 1.091 1.153 1.213 1.27 1.32
0.116 0.118 0.12 0.122 0.124 0.126 0.128 0.13 0.132 0.135 0.137 0.14 0.142 0.145 0.147 0.15 0.153 0.156 0.159 0.162 0.165 0.168 0.171 0.175 0.178 0.182 0.186 0.19 0.194 0.198 0.203 0.208 0.214 0.22 0.227 0.234 0.241 0.25 0.259 0.269 0.279 0.291 0.303 0.316 0.33 0.345 0.361 0.377 0.395 0.413 0.432 0.451 0.472 0.493 0.515 0.538 0.561 0.585 0.608 0.631 0.653 0.675 0.697 0.719 0.743 0.769 0.799 0.833 0.874 0.92 0.971 1.026 1.083 1.139 1.191 1.238 1.281
0.116 0.117 0.119 0.121 0.123 0.125 0.127 0.13 0.132 0.134 0.136 0.139 0.141 0.144 0.146 0.149 0.152 0.155 0.158 0.161 0.164 0.167 0.17 0.173 0.177 0.181 0.185 0.189 0.194 0.198 0.203 0.209 0.215 0.222 0.229 0.236 0.245 0.254 0.263 0.274 0.285 0.297 0.31 0.323 0.338 0.352 0.368 0.384 0.401 0.419 0.438 0.457 0.477 0.498 0.519 0.54 0.562 0.583 0.604 0.624 0.644 0.664 0.684 0.706 0.73 0.758 0.79 0.827 0.869 0.916 0.967 1.019 1.071 1.12 1.164 1.204 1.24
0.115 0.117 0.119 0.121 0.123 0.125 0.127 0.129 0.131 0.133 0.136 0.138 0.141 0.143 0.146 0.148 0.151 0.154 0.157 0.16 0.163 0.166 0.169 0.173 0.176 0.18 0.184 0.189 0.194 0.199 0.205 0.211 0.217 0.224 0.232 0.24 0.249 0.259 0.269 0.28 0.291 0.304 0.316 0.33 0.344 0.359 0.374 0.391 0.407 0.425 0.443 0.461 0.481 0.5 0.52 0.54 0.559 0.578 0.597 0.615 0.633 0.652 0.672 0.695 0.72 0.75 0.784 0.823 0.866 0.913 0.961 1.009 1.055 1.096 1.134 1.167 1.201
0.114 0.116 0.118 0.12 0.122 0.124 0.126 0.128 0.13 0.133 0.135 0.137 0.14 0.142 0.145 0.147 0.15 0.153 0.156 0.159 0.162 0.165 0.168 0.172 0.176 0.18 0.185 0.19 0.195 0.2 0.206 0.213 0.22 0.228 0.236 0.245 0.254 0.264 0.274 0.286 0.297 0.31 0.323 0.336 0.35 0.365 0.38 0.396 0.412 0.429 0.446 0.464 0.483 0.501 0.519 0.537 0.554 0.571 0.588 0.605 0.622 0.641 0.662 0.686 0.713 0.745 0.781 0.821 0.863 0.908 0.952 0.995 1.034 1.07 1.101 1.132 1.165
0.114 0.116 0.118 0.12 0.122 0.124 0.126 0.128 0.13 0.132 0.134 0.137 0.139 0.141 0.144 0.146 0.149 0.152 0.155 0.158 0.161 0.165 0.168 0.172 0.176 0.181 0.186 0.191 0.196 0.203 0.209 0.216 0.224 0.232 0.24 0.249 0.259 0.269 0.28 0.291 0.303 0.315 0.328 0.341 0.355 0.37 0.384 0.4 0.416 0.432 0.449 0.466 0.483 0.499 0.516 0.532 0.547 0.563 0.578 0.594 0.612 0.631 0.654 0.679 0.709 0.742 0.778 0.818 0.859 0.901 0.941 0.978 1.011 1.041 1.068 1.098 1.133
0.113 0.115 0.117 0.119 0.121 0.123 0.125 0.127 0.129 0.131 0.133 0.136 0.138 0.141 0.143 0.146 0.148 0.151 0.154 0.158 0.161 0.165 0.169 0.173 0.177 0.182 0.187 0.193 0.199 0.205 0.212 0.22 0.228 0.236 0.245 0.254 0.264 0.275 0.285 0.297 0.308 0.32 0.333 0.346 0.36 0.374 0.388 0.403 0.418 0.434 0.45 0.465 0.481 0.496 0.511 0.525 0.539 0.553 0.569 0.585 0.603 0.624 0.648 0.675 0.706 0.74 0.776 0.814 0.853 0.89 0.925 0.957 0.985 1.011 1.037 1.067 1.105
