src/test/resources/grids/valid/expected/kernel.asc
ncols         199
nrows         199
xllcorner     10
yllcorner     10
cellsize      20
NODATA_value  -9999
[rows 34 to 67 of 199, columns 0 to 76 of 199]
0.062 0.062 0.062 0.063 0.063 0.063 0.064 0.065 0.065 0.066 0.066 0.067 0.067 0.068 0.069 0.069 0.07 0.07 0.071 0.071 0.072 0.073 0.073 0.074 0.075 0.075 0.076 0.077 0.078 0.078 0.079 0.08 0.08 0.081 0.081 0.082 0.082 0.083 0.084 0.084 0.086 0.087 0.088 0.09 0.093 0.095 0.098 0.101 0.104 0.107 0.11 0.113 0.115 0.117 0.119 0.12 0.121 0.121 0.121 0.121 0.121 0.121 0.122 0.124 0.126 0.129 0.132 0.136 0.14 0.143 0.146 0.149 0.151 0.152 0.153 0.154 0.155
0.063 0.063 0.063 0.064 0.064 0.065 0.065 0.065 0.066 0.067 0.067 0.068 0.068 0.069 0.07 0.07 0.071 0.071 0.072 0.073 0.073 0.074 0.074 0.075 0.076 0.076 0.077 0.078 0.079 0.08 0.08 0.081 0.082 0.082 0.083 0.084 0.084 0.085 0.085 0.086 0.087 0.088 0.089 0.091 0.093 0.096 0.098 0.101 0.104 0.107 0.111 0.114 0.116 0.119 0.121 0.122 0.123 0.124 0.124 0.124 0.124 0.124 0.125 0.126 0.128 0.131 0.134 0.138 0.141 0.145 0.149 0.152 0.154 0.156 0.157 0.158 0.159
0.064 0.065 0.065 0.065 0.065 0.066 0.066 0.067 0.067 0.068 0.068 0.069 0.069 0.07 0.071 0.071 0.072 0.073 0.073 0.074 0.074 0.075 0.076 0.076 0.077 0.078 0.078 0.079 0.08 0.081 0.082 0.082 0.083 0.084 0.085 0.085 0.086 0.086 0.087 0.088 0.088 0.089 0.091 0.092 0.094 0.096 0.099 0.101 0.105 0.108 0.111 0.114 0.117 0.12 0.123 0.125 0.126 0.127 0.128 0.128 0.128 0.128 0.128 0.129 0.13 0.133 0.136 0.139 0.143 0.147 0.151 0.155 0.157 0.159 0.161 0.162 0.163
0.066 0.066 0.066 0.066 0.067 0.067 0.067 0.068 0.068 0.069 0.069 0.07 0.07 0.071 0.072 0.072 0.073 0.074 0.074 0.075 0.076 0.076 0.077 0.078 0.078 0.079 0.08 0.08 0.081 0.082 0.083 0.084 0.085 0.086 0.086 0.087 0.088 0.088 0.089 0.089 0.09 0.091 0.092 0.093 0.095 0.097 0.099 0.102 0.105 0.108 0.112 0.115 0.118 0.121 0.124 0.127 0.129 0.13 0.131 0.131 0.131 0.131 0.131 0.132 0.133 0.135 0.138 0.141 0.145 0.15 0.154 0.157 0.161 0.163 0.165 0.166 0.167
0.068 0.068 0.068 0.068 0.068 0.068 0.069 0.069 0.069 0.07 0.07 0.071 0.072 0.072 0.073 0.074 0.074 0.075 0.076 0.076 0.077 0.078 0.078 0.079 0.08 0.08 0.081 0.082 0.083 0.083 0.084 0.085 0.086 0.087 0.088 0.089 0.089 0.09 0.091 0.091 0.092 0.093 0.094 0.095 0.096 0.098 0.1 0.102 0.105 0.108 0.112 0.115 0.119 0.122 0.126 0.128 0.131 0.133 0.134 0.135 0.135 0.135 0.135 0.135 0.136 0.138 0.14 0.143 0.147 0.152 0.156 0.16 0.164 0.167 0.169 0.17 0.171
0.07 0.07 0.07 0.07 0.07 0.07 0.07 0.071 0.071 0.071 0.072 0.072 0.073 0.073 0.074 0.075 0.075 0.076 0.077 0.078 0.078 0.079 0.08 0.08 0.081 0.082 0.082 0.083 0.084 0.085 0.086 0.087 0.088 0.089 0.089 0.09 0.091 0.092 0.093 0.093 0.094 0.095 0.096 0.096 0.098 0.099 0.101 0.103 0.106 0.109 0.112 0.116 0.12 0.123 0.127 0.13 0.133 0.135 0.137 0.138 0.139 0.139 0.139 0.139 0.14 0.141 0.143 0.146 0.149 0.154 0.158 0.163 0.167 0.17 0.173 0.174 0.176
0.072 0.072 0.072 0.072 0.072 0.072 0.072 0.072 0.073 0.073 0.073 0.074 0.074 0.075 0.075 0.076 0.077 0.077 0.078 0.079 0.08 0.08 0.081 0.082 0.083 0.083 0.084 0.085 0.086 0.086 0.087 0.088 0.089 0.09 0.091 0.092 0.093 0.094 0.095 0.095 0.096 0.097 0.098 0.098 0.099 0.101 0.102 0.104 0.107 0.109 0.113 0.116 0.12 0.124 0.128 0.131 0.135 0.137 0.14 0.141 0.142 0.143 0.143 0.143 0.143 0.144 0.146 0.148 0.152 0.156 0.161 0.165 0.17 0.174 0.177 0.179 0.18
0.075 0.075 0.075 0.074 0.074 0.074 0.074 0.074 0.074 0.075 0.075 0.075 0.076 0.076 0.077 0.077 0.078 0.079 0.079 0.08 0.081 0.082 0.082 0.083 0.084 0.085 0.086 0.086 0.087 0.088 0.089 0.09 0.091 0.092 0.093 0.094 0.095 0.096 0.097 0.097 0.098 0.099 0.1 0.101 0.101 0.102 0.104 0.105 0.108 0.11 0.113 0.117 0.12 0.124 0.128 0.132 0.136 0.139 0.142 0.144 0.146 0.147 0.147 0.147 0.147 0.148 0.149 0.151 0.154 0.158 0.163 0.168 0.173 0.177 0.181 0.183 0.185
0.078 0.077 0.077 0.077 0.077 0.077 0.077 0.077 0.077 0.077 0.077 0.077 0.077 0.078 0.078 0.079 0.079 0.08 0.081 0.081 0.082 0.083 0.084 0.085 0.085 0.086 0.087 0.088 0.089 0.09 0.09 0.091 0.092 0.093 0.094 0.095 0.096 0.097 0.099 0.1 0.1 0.101 0.102 0.103 0.104 0.105 0.106 0.107 0.109 0.111 0.114 0.117 0.121 0.125 0.129 0.133 0.137 0.141 0.144 0.147 0.149 0.15 0.151 0.151 0.152 0.152 0.153 0.155 0.157 0.161 0.165 0.17 0.176 0.18 0.185 0.188 0.19
0.08 0.08 0.08 0.08 0.079 0.079 0.079 0.079 0.079 0.079 0.079 0.079 0.079 0.08 0.08 0.08 0.081 0.081 0.082 0.083 0.084 0.084 0.085 0.086 0.087 0.088 0.089 0.09 0.09 0.091 0.092 0.093 0.094 0.095 0.096 0.097 0.098 0.099 0.1 0.101 0.103 0.103 0.104 0.105 0.106 0.107 0.108 0.109 0.111 0.113 0.115 0.118 0.121 0.125 0.129 0.134 0.138 0.142 0.146 0.15 0.152 0.154 0.155 0.156 0.156 0.156 0.157 0.158 0.16 0.164 0.168 0.173 0.179 0.184 0.188 0.192 0.195
0.083 0.083 0.083 0.083 0.082 0.082 0.082 0.082 0.082 0.081 0.081 0.081 0.081 0.082 0.082 0.082 0.083 0.083 0.084 0.084 0.085 0.086 0.087 0.088 0.088 0.089 0.09 0.091 0.092 0.093 0.094 0.095 0.096 0.097 0.098 0.099 0.1 0.101 0.102 0.103 0.105 0.106 0.107 0.108 0.109 0.109 0.11 0.111 0.113 0.114 0.116 0.119 0.122 0.126 0.13 0.134 0.139 0.144 0.148 0.152 0.155 0.158 0.159 0.16 0.161 0.161 0.162 0.162 0.164 0.167 0.171 0.176 0.181 0.187 0.192 0.197 0.2
0.086 0.086 0.086 0.086 0.085 0.085 0.085 0.085 0.084 0.084 0.084 0.084 0.084 0.084 0.084 0.084 0.085 0.085 0.086 0.086 0.087 0.087 0.088 0.089 0.09 0.091 0.092 0.093 0.094 0.095 0.096 0.097 0.098 0.099 0.1 0.101 0.102 0.103 0.104 0.105 0.107 0.108 0.109 0.11 0.111 0.112 0.113 0.114 0.115 0.116 0.118 0.12 0.123 0.127 0.131 0.135 0.14 0.145 0.149 0.154 0.158 0.161 0.163 0.165 0.166 0.166 0.166 0.167 0.168 0.171 0.174 0.179 0.184 0.19 0.196 0.201 0.205
0.089 0.089 0.089 0.089 0.088 0.088 0.088 0.088 0.088 0.087 0.087 0.087 0.087 0.087 0.087 0.087 0.087 0.087 0.088 0.088 0.089 0.089 0.09 0.091 0.092 0.093 0.094 0.095 0.096 0.097 0.098 0.099 0.1 0.101 0.102 0.103 0.104 0.105 0.106 0.107 0.109 0.11 0.111 0.113 0.114 0.115 0.116 0.117 0.118 0.119 0.12 0.122 0.125 0.128 0.131 0.136 0.14 0.145 0.15 0.155 0.16 0.164 0.167 0.169 0.171 0.171 0.172 0.172 0.173 0.175 0.178 0.182 0.187 0.193 0.2 0.205 0.21
0.091 0.091 0.091 0.092 0.092 0.091 0.091 0.091 0.091 0.091 0.09 0.09 0.09 0.09 0.09 0.09 0.09 0.09 0.09 0.09 0.091 0.091 0.092 0.093 0.093 0.094 0.095 0.096 0.097 0.098 0.099 0.101 0.102 0.103 0.104 0.105 0.106 0.107 0.108 0.109 0.111 0.112 0.114 0.115 0.116 0.117 0.119 0.12 0.121 0.122 0.123 0.125 0.127 0.129 0.133 0.137 0.141 0.146 0.151 0.156 0.162 0.166 0.17 0.173 0.175 0.177 0.177 0.178 0.178 0.179 0.182 0.186 0.191 0.197 0.203 0.209 0.215
0.093 0.094 0.094 0.094 0.094 0.095 0.095 0.095 0.094 0.094 0.094 0.094 0.093 0.093 0.093 0.093 0.093 0.093 0.093 0.093 0.093 0.094 0.094 0.095 0.095 0.096 0.097 0.098 0.099 0.1 0.101 0.102 0.104 0.105 0.106 0.107 0.108 0.109 0.11 0.112 0.113 0.114 0.116 0.117 0.119 0.12 0.121 0.123 0.124 0.125 0.126 0.127 0.129 0.131 0.134 0.138 0.142 0.147 0.152 0.157 0.163 0.168 0.173 0.177 0.18 0.182 0.183 0.183 0.184 0.185 0.187 0.19 0.194 0.2 0.207 0.213 0.22
0.095 0.096 0.096 0.097 0.097 0.098 0.098 0.098 0.098 0.098 0.098 0.097 0.097 0.097 0.097 0.096 0.096 0.096 0.096 0.096 0.096 0.096 0.097 0.097 0.098 0.098 0.099 0.1 0.101 0.102 0.103 0.104 0.106 0.107 0.108 0.109 0.11 0.111 0.113 0.114 0.115 0.117 0.118 0.12 0.121 0.123 0.124 0.125 0.127 0.128 0.129 0.13 0.132 0.134 0.136 0.139 0.143 0.148 0.153 0.158 0.164 0.17 0.175 0.18 0.184 0.187 0.188 0.189 0.19 0.19 0.192 0.194 0.198 0.204 0.21 0.217 0.224
0.096 0.097 0.098 0.099 0.1 0.1 0.101 0.101 0.101 0.101 0.101 0.101 0.101 0.101 0.101 0.1 0.1 0.1 0.1 0.099 0.099 0.1 0.1 0.1 0.1 0.101 0.102 0.102 0.103 0.104 0.105 0.106 0.108 0.109 0.11 0.111 0.113 0.114 0.115 0.116 0.118 0.119 0.121 0.122 0.124 0.125 0.127 0.128 0.13 0.131 0.132 0.134 0.135 0.137 0.139 0.141 0.145 0.149 0.154 0.159 0.165 0.171 0.177 0.183 0.187 0.191 0.194 0.195 0.196 0.197 0.198 0.2 0.203 0.208 0.214 0.222 0.229
0.097 0.098 0.099 0.101 0.102 0.102 0.103 0.104 0.104 0.105 0.105 0.105 0.105 0.105 0.105 0.104 0.104 0.104 0.104 0.103 0.103 0.103 0.103 0.103 0.103 0.104 0.104 0.105 0.106 0.107 0.108 0.109 0.11 0.111 0.112 0.114 0.115 0.116 0.118 0.119 0.12 0.122 0.123 0.125 0.126 0.128 0.13 0.131 0.133 0.135 0.136 0.137 0.139 0.14 0.142 0.144 0.147 0.151 0.155 0.16 0.166 0.172 0.179 0.185 0.191 0.195 0.199 0.201 0.203 0.203 0.204 0.206 0.208 0.212 0.218 0.226 0.234
0.097 0.099 0.1 0.102 0.103 0.104 0.105 0.106 0.107 0.107 0.108 0.108 0.109 0.109 0.109 0.108 0.108 0.108 0.108 0.108 0.107 0.107 0.107 0.107 0.107 0.107 0.107 0.108 0.108 0.109 0.11 0.111 0.112 0.113 0.115 0.116 0.117 0.119 0.12 0.122 0.123 0.124 0.126 0.127 0.129 0.131 0.132 0.134 0.136 0.138 0.139 0.141 0.142 0.144 0.145 0.147 0.15 0.153 0.157 0.161 0.167 0.173 0.18 0.187 0.193 0.199 0.204 0.207 0.209 0.21 0.211 0.212 0.214 0.218 0.223 0.23 0.238
0.097 0.099 0.101 0.102 0.104 0.105 0.107 0.108 0.109 0.11 0.111 0.111 0.112 0.112 0.113 0.113 0.113 0.113 0.112 0.112 0.112 0.112 0.111 0.111 0.111 0.111 0.111 0.111 0.112 0.112 0.113 0.114 0.115 0.116 0.117 0.118 0.12 0.121 0.123 0.124 0.126 0.127 0.129 0.13 0.132 0.134 0.135 0.137 0.139 0.141 0.143 0.145 0.146 0.148 0.149 0.151 0.153 0.156 0.159 0.163 0.168 0.175 0.181 0.188 0.196 0.202 0.208 0.212 0.216 0.218 0.219 0.219 0.221 0.224 0.228 0.235 0.243
0.096 0.098 0.1 0.102 0.104 0.106 0.108 0.109 0.111 0.112 0.113 0.114 0.115 0.116 0.116 0.117 0.117 0.117 0.117 0.117 0.117 0.116 0.116 0.116 0.116 0.115 0.115 0.115 0.115 0.116 0.116 0.117 0.118 0.119 0.12 0.121 0.122 0.124 0.125 0.127 0.129 0.13 0.132 0.133 0.135 0.137 0.138 0.14 0.142 0.144 0.146 0.148 0.15 0.152 0.153 0.155 0.157 0.159 0.162 0.166 0.17 0.176 0.183 0.19 0.197 0.205 0.211 0.217 0.222 0.225 0.226 0.227 0.228 0.231 0.234 0.24 0.248
0.096 0.098 0.1 0.102 0.104 0.106 0.108 0.11 0.112 0.113 0.115 0.116 0.117 0.119 0.119 0.12 0.121 0.121 0.121 0.121 0.121 0.121 0.121 0.121 0.121 0.12 0.12 0.12 0.12 0.12 0.12 0.121 0.121 0.122 0.123 0.124 0.125 0.127 0.128 0.13 0.131 0.133 0.135 0.136 0.138 0.14 0.142 0.144 0.146 0.148 0.15 0.152 0.154 0.156 0.158 0.16 0.161 0.163 0.166 0.169 0.173 0.178 0.184 0.191 0.199 0.207 0.214 0.221 0.227 0.231 0.234 0.236 0.237 0.238 0.241 0.246 0.253
0.094 0.097 0.099 0.101 0.103 0.105 0.108 0.11 0.112 0.114 0.116 0.118 0.119 0.121 0.122 0.123 0.124 0.125 0.126 0.126 0.126 0.126 0.126 0.126 0.126 0.126 0.125 0.125 0.125 0.125 0.125 0.125 0.125 0.126 0.126 0.127 0.129 0.13 0.131 0.133 0.134 0.136 0.138 0.14 0.141 0.143 0.145 0.147 0.149 0.151 0.153 0.156 0.158 0.16 0.162 0.164 0.166 0.168 0.17 0.173 0.176 0.18 0.186 0.193 0.2 0.209 0.217 0.225 0.232 0.238 0.242 0.244 0.245 0.247 0.249 0.253 0.259
0.093 0.095 0.098 0.1 0.102 0.105 0.107 0.109 0.112 0.114 0.116 0.118 0.12 0.122 0.124 0.126 0.127 0.128 0.129 0.13 0.131 0.131 0.131 0.131 0.131 0.131 0.131 0.131 0.13 0.13 0.13 0.13 0.13 0.13 0.131 0.131 0.132 0.133 0.135 0.136 0.138 0.139 0.141 0.143 0.145 0.147 0.149 0.151 0.153 0.155 0.157 0.159 0.162 0.164 0.166 0.169 0.171 0.173 0.175 0.177 0.18 0.184 0.189 0.195 0.202 0.21 0.219 0.228 0.236 0.243 0.249 0.252 0.255 0.256 0.258 0.261 0.266
0.092 0.094 0.096 0.098 0.101 0.103 0.106 0.108 0.111 0.113 0.116 0.118 0.121 0.123 0.125 0.127 0.129 0.131 0.132 0.134 0.135 0.136 0.136 0.137 0.137 0.137 0.137 0.137 0.136 0.136 0.136 0.136 0.135 0.135 0.136 0.136 0.137 0.137 0.138 0.14 0.141 0.143 0.145 0.146 0.148 0.15 0.152 0.154 0.157 0.159 0.161 0.163 0.166 0.168 0.171 0.173 0.176 0.178 0.18 0.182 0.185 0.188 0.192 0.197 0.204 0.212 0.221 0.23 0.24 0.248 0.255 0.26 0.264 0.266 0.268 0.27 0.274
0.091 0.093 0.095 0.097 0.099 0.102 0.104 0.107 0.11 0.112 0.115 0.118 0.12 0.123 0.125 0.128 0.13 0.132 0.134 0.136 0.138 0.139 0.14 0.141 0.142 0.142 0.143 0.143 0.143 0.143 0.142 0.142 0.142 0.141 0.141 0.141 0.142 0.142 0.143 0.144 0.145 0.147 0.148 0.15 0.152 0.154 0.156 0.158 0.161 0.163 0.165 0.167 0.17 0.173 0.175 0.178 0.181 0.183 0.186 0.188 0.191 0.193 0.197 0.201 0.207 0.214 0.223 0.232 0.242 0.252 0.261 0.268 0.273 0.276 0.278 0.28 0.283
0.089 0.091 0.094 0.096 0.098 0.1 0.103 0.105 0.108 0.111 0.114 0.116 0.119 0.122 0.125 0.128 0.13 0.133 0.136 0.138 0.14 0.142 0.144 0.145 0.147 0.148 0.148 0.149 0.149 0.149 0.149 0.149 0.148 0.148 0.148 0.148 0.148 0.148 0.148 0.149 0.15 0.151 0.152 0.154 0.156 0.158 0.16 0.162 0.165 0.167 0.169 0.172 0.174 0.177 0.18 0.183 0.186 0.188 0.191 0.194 0.196 0.199 0.202 0.206 0.211 0.217 0.225 0.234 0.245 0.255 0.266 0.275 0.281 0.286 0.289 0.291 0.294
0.089 0.09 0.092 0.094 0.097 0.099 0.101 0.104 0.106 0.109 0.112 0.115 0.118 0.121 0.124 0.127 0.13 0.133 0.136 0.139 0.141 0.144 0.146 0.148 0.15 0.152 0.153 0.154 0.155 0.155 0.156 0.156 0.156 0.155 0.155 0.155 0.155 0.155 0.155 0.155 0.155 0.156 0.157 0.159 0.16 0.162 0.164 0.167 0.169 0.171 0.174 0.176 0.179 0.182 0.185 0.188 0.191 0.194 0.197 0.2 0.203 0.206 0.208 0.212 0.216 0.221 0.228 0.237 0.247 0.258 0.27 0.28 0.289 0.296 0.3 0.303 0.305
0.088 0.09 0.092 0.093 0.096 0.098 0.1 0.102 0.105 0.108 0.11 0.113 0.116 0.119 0.122 0.126 0.129 0.132 0.135 0.139 0.142 0.145 0.148 0.15 0.153 0.155 0.157 0.159 0.16 0.161 0.162 0.163 0.163 0.163 0.163 0.163 0.162 0.162 0.162 0.162 0.162 0.162 0.163 0.164 0.165 0.167 0.169 0.171 0.174 0.176 0.179 0.181 0.184 0.187 0.19 0.193 0.196 0.199 0.202 0.206 0.209 0.212 0.215 0.218 0.222 0.226 0.232 0.24 0.25 0.261 0.273 0.285 0.296 0.305 0.311 0.315 0.318
0.087 0.089 0.091 0.093 0.095 0.097 0.099 0.101 0.104 0.106 0.109 0.112 0.114 0.117 0.121 0.124 0.127 0.131 0.134 0.138 0.141 0.144 0.148 0.151 0.154 0.157 0.16 0.162 0.165 0.166 0.168 0.169 0.17 0.17 0.171 0.171 0.171 0.17 0.17 0.17 0.17 0.17 0.17 0.171 0.171 0.173 0.174 0.176 0.178 0.181 0.184 0.186 0.189 0.192 0.195 0.198 0.201 0.205 0.208 0.212 0.215 0.219 0.222 0.226 0.229 0.233 0.238 0.245 0.253 0.264 0.276 0.289 0.301 0.313 0.322 0.328 0.332
0.087 0.089 0.09 0.092 0.094 0.096 0.098 0.1 0.102 0.105 0.107 0.11 0.113 0.116 0.119 0.122 0.125 0.129 0.132 0.136 0.14 0.143 0.147 0.151 0.154 0.158 0.161 0.165 0.168 0.17 0.172 0.174 0.176 0.177 0.178 0.179 0.179 0.179 0.179 0.179 0.178 0.178 0.178 0.178 0.179 0.18 0.181 0.182 0.184 0.186 0.189 0.192 0.195 0.198 0.201 0.204 0.207 0.211 0.214 0.218 0.222 0.226 0.23 0.233 0.237 0.241 0.245 0.25 0.258 0.267 0.279 0.292 0.306 0.319 0.331 0.34 0.345
0.087 0.088 0.09 0.092 0.094 0.095 0.097 0.099 0.102 0.104 0.106 0.109 0.111 0.114 0.117 0.12 0.123 0.127 0.13 0.134 0.138 0.142 0.146 0.15 0.154 0.158 0.162 0.165 0.169 0.173 0.176 0.179 0.181 0.183 0.185 0.186 0.187 0.188 0.188 0.188 0.188 0.188 0.188 0.187 0.187 0.188 0.188 0.189 0.191 0.193 0.195 0.197 0.2 0.203 0.207 0.21 0.213 0.217 0.221 0.225 0.229 0.233 0.237 0.241 0.245 0.249 0.253 0.258 0.264 0.272 0.283 0.296 0.31 0.325 0.339 0.351 0.359
0.087 0.088 0.09 0.092 0.093 0.095 0.097 0.099 0.101 0.103 0.105 0.108 0.11 0.113 0.116 0.119 0.122 0.125 0.128 0.132 0.136 0.139 0.144 0.148 0.152 0.156 0.161 0.165 0.169 0.173 0.177 0.181 0.185 0.188 0.19 0.193 0.195 0.196 0.197 0.198 0.198 0.198 0.198 0.198 0.197 0.197 0.197 0.198 0.199 0.2 0.202 0.204 0.207 0.21 0.213 0.216 0.22 0.224 0.228 0.232 0.236 0.24 0.245 0.249 0.254 0.258 0.262 0.267 0.272 0.279 0.288 0.3 0.314 0.33 0.346 0.36 0.372
0.087 0.088 0.09 0.091 0.093 0.095 0.097 0.099 0.101 0.103 0.105 0.107 0.109 0.112 0.114 0.117 0.12 0.123 0.126 0.13 0.134 0.137 0.141 0.145 0.15 0.154 0.159 0.163 0.168 0.173 0.177 0.182 0.186 0.19 0.194 0.198 0.201 0.203 0.205 0.207 0.208 0.208 0.209 0.209 0.208 0.208 0.208 0.208 0.208 0.209 0.21 0.212 0.214 0.217 0.22 0.223 0.227 0.231 0.235 0.239 0.243 0.248 0.252 0.257 0.262 0.267 0.272 0.277 0.282 0.287 0.295 0.305 0.318 0.334 0.351 0.368 0.383
