src/test/resources/grids/valid/expected/kernel.asc
ncols         199
nrows         199
xllcorner     10
yllcorner     10
cellsize      20
NODATA_value  -9999
[rows 136 to 169 of 199, columns 77 to 153 of 199]
1.131 1.187 1.246 1.304 1.359 1.412 1.469 1.534 1.607 1.683 1.755 1.818 1.874 1.929 1.987 2.045 2.098 2.14 2.169 2.178 2.168 2.14 2.102 2.061 2.015 1.964 1.906 1.839 1.764 1.679 1.587 1.497 1.415 1.344 1.279 1.215 1.15 1.083 1.016 0.951 0.89 0.835 0.787 0.747 0.715 0.69 0.669 0.65 0.632 0.613 0.594 0.573 0.552 0.531 0.51 0.49 0.47 0.451 0.431 0.411 0.391 0.371 0.352 0.333 0.316 0.3 0.287 0.276 0.266 0.259 0.253 0.248 0.244 0.24 0.237 0.232 0.228
1.111 1.165 1.22 1.272 1.322 1.373 1.428 1.492 1.562 1.633 1.697 1.753 1.804 1.856 1.911 1.964 2.012 2.05 2.075 2.082 2.071 2.045 2.009 1.97 1.928 1.881 1.827 1.766 1.697 1.619 1.535 1.45 1.371 1.302 1.241 1.182 1.122 1.06 0.997 0.936 0.877 0.823 0.775 0.734 0.7 0.673 0.651 0.632 0.616 0.599 0.581 0.563 0.543 0.524 0.504 0.485 0.466 0.448 0.43 0.412 0.393 0.375 0.356 0.338 0.32 0.304 0.289 0.276 0.265 0.256 0.249 0.243 0.239 0.235 0.231 0.228 0.224
1.092 1.143 1.193 1.241 1.286 1.335 1.39 1.452 1.519 1.583 1.641 1.691 1.738 1.787 1.839 1.888 1.932 1.966 1.987 1.993 1.981 1.956 1.923 1.886 1.847 1.803 1.754 1.697 1.634 1.563 1.485 1.405 1.329 1.263 1.204 1.149 1.094 1.037 0.979 0.92 0.864 0.812 0.764 0.722 0.687 0.658 0.635 0.616 0.599 0.584 0.568 0.552 0.534 0.516 0.498 0.479 0.462 0.444 0.427 0.41 0.393 0.376 0.359 0.341 0.324 0.308 0.292 0.278 0.266 0.255 0.247 0.239 0.234 0.229 0.226 0.222 0.219
1.072 1.12 1.166 1.209 1.252 1.299 1.353 1.414 1.477 1.535 1.586 1.632 1.676 1.723 1.771 1.817 1.856 1.887 1.905 1.909 1.897 1.873 1.842 1.808 1.771 1.731 1.685 1.633 1.575 1.509 1.437 1.362 1.29 1.225 1.169 1.117 1.066 1.014 0.959 0.905 0.851 0.801 0.754 0.711 0.675 0.645 0.62 0.6 0.584 0.569 0.555 0.54 0.524 0.508 0.491 0.473 0.456 0.44 0.424 0.408 0.392 0.376 0.36 0.344 0.328 0.312 0.296 0.282 0.268 0.256 0.246 0.238 0.231 0.225 0.221 0.217 0.214
1.053 1.097 1.138 1.178 1.219 1.266 1.319 1.377 1.435 1.488 1.534 1.575 1.617 1.662 1.707 1.749 1.785 1.812 1.828 1.831 1.819 1.795 1.766 1.734 1.7 1.662 1.62 1.572 1.518 1.458 1.391 1.321 1.252 1.19 1.135 1.086 1.039 0.991 0.94 0.889 0.838 0.79 0.744 0.702 0.665 0.633 0.607 0.586 0.569 0.555 0.541 0.528 0.514 0.499 0.483 0.467 0.451 0.435 0.42 0.405 0.39 0.375 0.361 0.346 0.33 0.315 0.3 0.285 0.271 0.259 0.247 0.237 0.229 0.222 0.217 0.213 0.209
1.033 1.073 1.11 1.147 1.188 1.234 1.287 1.342 1.395 1.442 1.484 1.522 1.562 1.604 1.646 1.685 1.718 1.742 1.756 1.757 1.745 1.723 1.695 1.665 1.633 1.598 1.559 1.514 1.465 1.409 1.348 1.282 1.217 1.156 1.103 1.057 1.012 0.968 0.921 0.873 0.825 0.778 0.734 0.693 0.656 0.623 0.596 0.574 0.556 0.541 0.528 0.515 0.503 0.489 0.475 0.46 0.445 0.43 0.416 0.401 0.387 0.373 0.36 0.346 0.332 0.317 0.303 0.289 0.275 0.262 0.25 0.239 0.229 0.221 0.215 0.209 0.205
1.012 1.048 1.083 1.118 1.158 1.204 1.255 1.307 1.356 1.398 1.435 1.471 1.509 1.55 1.589 1.625 1.654 1.676 1.688 1.688 1.676 1.655 1.628 1.6 1.571 1.538 1.501 1.46 1.414 1.363 1.306 1.245 1.183 1.124 1.073 1.028 0.986 0.945 0.901 0.857 0.812 0.767 0.724 0.684 0.647 0.614 0.586 0.563 0.544 0.528 0.515 0.503 0.491 0.479 0.467 0.453 0.439 0.425 0.411 0.397 0.384 0.371 0.358 0.345 0.332 0.319 0.305 0.292 0.278 0.265 0.253 0.241 0.231 0.222 0.214 0.207 0.202
0.991 1.024 1.056 1.091 1.131 1.176 1.225 1.274 1.317 1.355 1.389 1.424 1.46 1.498 1.535 1.567 1.594 1.614 1.624 1.624 1.611 1.591 1.566 1.54 1.512 1.481 1.447 1.408 1.366 1.319 1.266 1.209 1.15 1.094 1.044 1 0.961 0.922 0.882 0.84 0.798 0.756 0.715 0.676 0.639 0.606 0.577 0.553 0.533 0.516 0.503 0.491 0.48 0.469 0.458 0.446 0.433 0.42 0.406 0.393 0.38 0.367 0.355 0.343 0.331 0.319 0.306 0.294 0.281 0.269 0.256 0.244 0.233 0.223 0.214 0.207 0.2
0.969 0.999 1.03 1.065 1.105 1.149 1.196 1.24 1.28 1.314 1.346 1.378 1.413 1.449 1.483 1.513 1.538 1.555 1.564 1.563 1.55 1.531 1.507 1.482 1.456 1.428 1.395 1.36 1.32 1.276 1.228 1.174 1.119 1.065 1.017 0.974 0.936 0.9 0.863 0.824 0.784 0.744 0.705 0.667 0.632 0.599 0.57 0.544 0.523 0.506 0.492 0.48 0.469 0.459 0.448 0.437 0.426 0.414 0.401 0.389 0.376 0.364 0.352 0.341 0.329 0.318 0.307 0.295 0.283 0.271 0.259 0.248 0.236 0.226 0.216 0.208 0.2
0.947 0.976 1.006 1.04 1.08 1.123 1.167 1.208 1.243 1.274 1.304 1.335 1.368 1.402 1.434 1.462 1.484 1.5 1.507 1.505 1.493 1.474 1.452 1.429 1.404 1.377 1.347 1.313 1.276 1.236 1.191 1.141 1.089 1.038 0.99 0.949 0.912 0.878 0.843 0.808 0.77 0.733 0.695 0.659 0.624 0.592 0.563 0.537 0.515 0.496 0.481 0.469 0.458 0.448 0.439 0.429 0.419 0.407 0.396 0.384 0.372 0.361 0.349 0.338 0.327 0.317 0.306 0.295 0.284 0.273 0.262 0.25 0.239 0.229 0.219 0.209 0.201
0.926 0.953 0.983 1.017 1.057 1.098 1.139 1.176 1.208 1.236 1.264 1.294 1.326 1.358 1.387 1.413 1.433 1.448 1.454 1.451 1.439 1.421 1.4 1.378 1.355 1.329 1.301 1.27 1.235 1.197 1.156 1.109 1.06 1.011 0.965 0.925 0.889 0.856 0.824 0.791 0.756 0.721 0.685 0.651 0.617 0.586 0.556 0.53 0.507 0.488 0.472 0.459 0.448 0.438 0.429 0.42 0.411 0.401 0.39 0.379 0.368 0.357 0.346 0.335 0.325 0.315 0.305 0.294 0.284 0.274 0.263 0.253 0.242 0.232 0.222 0.212 0.203
0.905 0.931 0.961 0.996 1.034 1.074 1.111 1.144 1.173 1.199 1.226 1.255 1.286 1.316 1.343 1.367 1.385 1.398 1.403 1.4 1.388 1.371 1.351 1.33 1.308 1.284 1.258 1.228 1.196 1.161 1.122 1.079 1.033 0.986 0.941 0.902 0.867 0.836 0.806 0.775 0.742 0.709 0.675 0.642 0.61 0.579 0.55 0.524 0.501 0.481 0.464 0.45 0.438 0.429 0.42 0.411 0.403 0.394 0.384 0.374 0.364 0.353 0.342 0.332 0.322 0.312 0.303 0.293 0.284 0.274 0.264 0.254 0.244 0.234 0.224 0.215 0.205
0.884 0.911 0.941 0.975 1.012 1.049 1.084 1.114 1.14 1.165 1.19 1.218 1.247 1.276 1.301 1.322 1.339 1.351 1.355 1.351 1.34 1.323 1.304 1.284 1.264 1.241 1.217 1.189 1.158 1.125 1.089 1.049 1.006 0.961 0.919 0.88 0.846 0.816 0.787 0.758 0.728 0.697 0.665 0.633 0.602 0.573 0.544 0.518 0.495 0.474 0.456 0.442 0.43 0.419 0.411 0.403 0.395 0.386 0.378 0.369 0.359 0.349 0.339 0.329 0.319 0.31 0.3 0.291 0.283 0.274 0.264 0.255 0.246 0.236 0.227 0.217 0.208
0.865 0.891 0.921 0.955 0.991 1.025 1.057 1.084 1.108 1.131 1.156 1.183 1.211 1.237 1.261 1.28 1.296 1.306 1.31 1.305 1.294 1.278 1.26 1.241 1.222 1.201 1.177 1.151 1.123 1.092 1.058 1.021 0.98 0.938 0.897 0.859 0.826 0.796 0.769 0.742 0.714 0.685 0.655 0.625 0.595 0.566 0.539 0.513 0.489 0.468 0.45 0.434 0.422 0.411 0.402 0.394 0.386 0.379 0.371 0.363 0.354 0.345 0.335 0.326 0.316 0.307 0.298 0.289 0.281 0.272 0.264 0.255 0.247 0.238 0.229 0.22 0.211
0.846 0.873 0.903 0.936 0.97 1.002 1.03 1.055 1.077 1.099 1.124 1.15 1.176 1.2 1.222 1.24 1.255 1.264 1.266 1.262 1.251 1.236 1.218 1.2 1.182 1.162 1.14 1.116 1.089 1.06 1.028 0.994 0.956 0.916 0.876 0.839 0.806 0.778 0.752 0.726 0.7 0.673 0.644 0.616 0.587 0.56 0.533 0.508 0.484 0.463 0.444 0.428 0.414 0.403 0.394 0.386 0.378 0.371 0.364 0.357 0.349 0.34 0.331 0.322 0.313 0.304 0.296 0.287 0.279 0.271 0.263 0.255 0.247 0.239 0.23 0.221 0.213
0.829 0.855 0.885 0.917 0.949 0.979 1.004 1.027 1.048 1.069 1.093 1.118 1.142 1.165 1.185 1.202 1.215 1.223 1.225 1.221 1.21 1.195 1.179 1.162 1.144 1.126 1.105 1.082 1.056 1.029 1 0.967 0.932 0.894 0.856 0.82 0.788 0.76 0.734 0.71 0.686 0.661 0.634 0.607 0.58 0.553 0.527 0.503 0.479 0.458 0.439 0.422 0.408 0.396 0.386 0.378 0.371 0.364 0.357 0.35 0.343 0.335 0.327 0.319 0.31 0.301 0.293 0.285 0.277 0.269 0.261 0.254 0.246 0.239 0.231 0.223 0.215
0.812 0.839 0.868 0.899 0.929 0.956 0.979 1 1.019 1.04 1.063 1.087 1.11 1.132 1.15 1.166 1.178 1.185 1.186 1.181 1.171 1.157 1.141 1.125 1.109 1.091 1.071 1.049 1.025 1 0.972 0.942 0.908 0.873 0.836 0.802 0.77 0.742 0.718 0.695 0.672 0.649 0.624 0.598 0.572 0.546 0.521 0.497 0.475 0.454 0.434 0.417 0.402 0.39 0.379 0.37 0.363 0.356 0.35 0.344 0.337 0.33 0.323 0.315 0.307 0.299 0.29 0.282 0.275 0.267 0.26 0.253 0.245 0.238 0.231 0.223 0.216
0.796 0.823 0.852 0.881 0.909 0.933 0.954 0.973 0.992 1.013 1.035 1.057 1.08 1.1 1.117 1.131 1.142 1.149 1.149 1.144 1.134 1.12 1.105 1.09 1.074 1.058 1.039 1.018 0.996 0.972 0.946 0.917 0.886 0.852 0.818 0.784 0.753 0.726 0.702 0.68 0.659 0.636 0.613 0.589 0.564 0.54 0.516 0.492 0.47 0.449 0.43 0.412 0.397 0.384 0.373 0.364 0.356 0.349 0.343 0.337 0.331 0.325 0.318 0.311 0.303 0.295 0.288 0.28 0.272 0.265 0.258 0.251 0.244 0.237 0.23 0.224 0.216
0.782 0.808 0.836 0.864 0.889 0.911 0.93 0.948 0.966 0.986 1.007 1.029 1.05 1.069 1.085 1.098 1.108 1.114 1.114 1.109 1.099 1.086 1.071 1.057 1.042 1.026 1.009 0.989 0.968 0.945 0.92 0.894 0.864 0.833 0.8 0.767 0.737 0.71 0.687 0.665 0.645 0.624 0.602 0.58 0.556 0.533 0.51 0.487 0.466 0.445 0.426 0.408 0.392 0.379 0.367 0.357 0.349 0.342 0.336 0.331 0.325 0.319 0.313 0.306 0.299 0.292 0.285 0.277 0.27 0.263 0.256 0.249 0.243 0.236 0.23 0.223 0.217
0.767 0.793 0.82 0.846 0.869 0.89 0.907 0.924 0.942 0.961 0.982 1.002 1.022 1.039 1.054 1.067 1.076 1.081 1.08 1.075 1.065 1.053 1.039 1.025 1.011 0.996 0.979 0.961 0.94 0.919 0.896 0.871 0.843 0.813 0.782 0.751 0.721 0.695 0.672 0.651 0.632 0.612 0.592 0.57 0.548 0.526 0.504 0.482 0.461 0.441 0.422 0.404 0.388 0.374 0.362 0.352 0.343 0.336 0.33 0.324 0.319 0.313 0.308 0.302 0.295 0.289 0.282 0.275 0.268 0.261 0.254 0.247 0.241 0.235 0.229 0.222 0.216
0.754 0.779 0.805 0.829 0.85 0.868 0.885 0.901 0.918 0.937 0.957 0.976 0.995 1.011 1.025 1.036 1.045 1.049 1.048 1.043 1.033 1.021 1.008 0.995 0.982 0.967 0.951 0.934 0.915 0.894 0.872 0.849 0.823 0.795 0.765 0.735 0.706 0.681 0.658 0.638 0.619 0.6 0.581 0.561 0.54 0.519 0.498 0.477 0.456 0.437 0.418 0.401 0.385 0.37 0.358 0.347 0.338 0.33 0.324 0.318 0.313 0.308 0.302 0.297 0.291 0.285 0.279 0.272 0.265 0.259 0.252 0.246 0.239 0.233 0.227 0.221 0.215
0.741 0.766 0.79 0.812 0.831 0.848 0.863 0.878 0.895 0.914 0.933 0.951 0.969 0.984 0.997 1.007 1.015 1.019 1.018 1.012 1.003 0.991 0.979 0.966 0.953 0.94 0.925 0.908 0.89 0.87 0.85 0.828 0.803 0.777 0.749 0.72 0.692 0.667 0.644 0.624 0.606 0.589 0.571 0.552 0.532 0.512 0.492 0.471 0.452 0.433 0.414 0.397 0.381 0.366 0.354 0.342 0.333 0.325 0.318 0.312 0.307 0.302 0.297 0.292 0.287 0.281 0.275 0.269 0.263 0.256 0.25 0.244 0.237 0.231 0.226 0.22 0.214
0.728 0.752 0.775 0.795 0.812 0.828 0.842 0.857 0.873 0.891 0.91 0.927 0.944 0.958 0.97 0.98 0.987 0.99 0.989 0.983 0.974 0.963 0.951 0.939 0.926 0.914 0.899 0.883 0.866 0.848 0.828 0.807 0.784 0.759 0.733 0.705 0.678 0.653 0.631 0.611 0.594 0.577 0.56 0.543 0.524 0.505 0.485 0.466 0.447 0.429 0.411 0.394 0.378 0.363 0.35 0.338 0.328 0.32 0.312 0.306 0.301 0.296 0.292 0.287 0.282 0.277 0.272 0.266 0.26 0.254 0.248 0.242 0.236 0.23 0.224 0.219 0.213
0.716 0.739 0.76 0.778 0.794 0.808 0.822 0.836 0.853 0.87 0.888 0.904 0.919 0.933 0.944 0.953 0.959 0.962 0.961 0.955 0.946 0.935 0.924 0.912 0.901 0.888 0.875 0.86 0.843 0.826 0.807 0.787 0.766 0.743 0.717 0.691 0.665 0.64 0.618 0.599 0.582 0.566 0.55 0.533 0.516 0.498 0.479 0.461 0.442 0.424 0.407 0.39 0.375 0.36 0.347 0.335 0.324 0.315 0.308 0.301 0.296 0.291 0.286 0.282 0.278 0.273 0.268 0.263 0.257 0.251 0.245 0.24 0.234 0.228 0.223 0.217 0.212
0.704 0.725 0.745 0.762 0.776 0.789 0.802 0.817 0.833 0.849 0.866 0.882 0.896 0.909 0.919 0.928 0.933 0.936 0.934 0.928 0.92 0.909 0.898 0.887 0.876 0.864 0.852 0.837 0.822 0.805 0.787 0.768 0.748 0.726 0.702 0.677 0.652 0.628 0.606 0.587 0.57 0.555 0.54 0.524 0.508 0.491 0.473 0.455 0.437 0.42 0.403 0.387 0.372 0.357 0.343 0.331 0.32 0.311 0.303 0.296 0.291 0.286 0.281 0.277 0.273 0.269 0.264 0.259 0.254 0.249 0.243 0.238 0.232 0.226 0.221 0.216 0.211
0.692 0.712 0.73 0.745 0.759 0.771 0.784 0.798 0.813 0.83 0.846 0.861 0.874 0.885 0.895 0.903 0.908 0.91 0.908 0.903 0.894 0.884 0.874 0.863 0.853 0.841 0.829 0.816 0.801 0.785 0.768 0.75 0.731 0.71 0.687 0.664 0.639 0.616 0.595 0.576 0.559 0.544 0.53 0.515 0.5 0.484 0.467 0.45 0.433 0.416 0.399 0.384 0.369 0.354 0.341 0.328 0.317 0.307 0.299 0.292 0.286 0.281 0.276 0.272 0.268 0.264 0.26 0.256 0.251 0.246 0.241 0.235 0.23 0.225 0.219 0.214 0.209
0.68 0.699 0.715 0.729 0.742 0.753 0.766 0.78 0.795 0.811 0.826 0.84 0.852 0.863 0.872 0.88 0.884 0.886 0.884 0.878 0.87 0.861 0.85 0.84 0.83 0.819 0.808 0.795 0.78 0.765 0.749 0.732 0.714 0.695 0.673 0.65 0.627 0.604 0.584 0.565 0.548 0.534 0.52 0.506 0.492 0.476 0.46 0.444 0.428 0.412 0.396 0.38 0.365 0.351 0.338 0.325 0.314 0.304 0.295 0.288 0.281 0.276 0.271 0.267 0.263 0.26 0.256 0.252 0.247 0.243 0.238 0.233 0.228 0.223 0.218 0.213 0.208
0.669 0.686 0.701 0.714 0.725 0.736 0.749 0.762 0.777 0.792 0.807 0.82 0.832 0.842 0.85 0.857 0.861 0.863 0.86 0.855 0.847 0.838 0.828 0.818 0.808 0.798 0.787 0.775 0.761 0.746 0.731 0.715 0.698 0.68 0.659 0.638 0.615 0.593 0.573 0.554 0.538 0.524 0.51 0.497 0.483 0.469 0.454 0.439 0.423 0.407 0.392 0.377 0.362 0.348 0.335 0.323 0.311 0.301 0.292 0.284 0.277 0.272 0.267 0.263 0.259 0.255 0.252 0.248 0.244 0.24 0.235 0.231 0.226 0.221 0.216 0.211 0.206
0.657 0.673 0.687 0.698 0.709 0.72 0.732 0.746 0.76 0.774 0.788 0.801 0.812 0.821 0.829 0.835 0.839 0.84 0.838 0.832 0.825 0.816 0.806 0.797 0.788 0.778 0.767 0.755 0.742 0.729 0.714 0.699 0.682 0.665 0.646 0.625 0.604 0.583 0.562 0.544 0.528 0.514 0.501 0.488 0.475 0.462 0.448 0.433 0.418 0.403 0.388 0.373 0.359 0.346 0.333 0.32 0.309 0.298 0.289 0.281 0.274 0.268 0.263 0.258 0.254 0.251 0.247 0.244 0.24 0.236 0.232 0.228 0.224 0.219 0.214 0.209 0.205
0.646 0.66 0.673 0.683 0.694 0.704 0.716 0.73 0.743 0.757 0.77 0.782 0.792 0.801 0.809 0.815 0.818 0.819 0.816 0.811 0.803 0.795 0.786 0.777 0.768 0.758 0.748 0.737 0.725 0.711 0.697 0.683 0.667 0.651 0.633 0.613 0.593 0.572 0.552 0.534 0.518 0.504 0.492 0.479 0.467 0.455 0.441 0.427 0.413 0.398 0.384 0.37 0.356 0.343 0.33 0.318 0.306 0.296 0.286 0.278 0.271 0.264 0.259 0.254 0.25 0.247 0.243 0.24 0.237 0.233 0.229 0.225 0.221 0.217 0.212 0.208 0.203
0.634 0.647 0.659 0.669 0.679 0.689 0.701 0.714 0.727 0.741 0.753 0.764 0.774 0.782 0.789 0.795 0.798 0.798 0.795 0.79 0.783 0.774 0.766 0.757 0.749 0.74 0.73 0.719 0.707 0.695 0.681 0.667 0.653 0.637 0.62 0.601 0.582 0.562 0.543 0.525 0.509 0.495 0.483 0.471 0.459 0.447 0.435 0.422 0.408 0.394 0.38 0.366 0.353 0.34 0.328 0.316 0.304 0.294 0.284 0.275 0.267 0.261 0.255 0.25 0.246 0.243 0.239 0.236 0.233 0.23 0.226 0.222 0.219 0.215 0.21 0.206 0.202
0.623 0.635 0.645 0.655 0.664 0.675 0.686 0.699 0.712 0.725 0.736 0.747 0.756 0.764 0.77 0.775 0.778 0.778 0.776 0.77 0.763 0.755 0.747 0.738 0.73 0.722 0.712 0.702 0.691 0.679 0.666 0.652 0.639 0.624 0.607 0.59 0.571 0.552 0.533 0.516 0.5 0.486 0.474 0.463 0.452 0.44 0.428 0.416 0.403 0.389 0.376 0.363 0.35 0.337 0.325 0.313 0.302 0.291 0.282 0.273 0.265 0.258 0.252 0.247 0.242 0.239 0.235 0.232 0.229 0.226 0.223 0.22 0.216 0.212 0.208 0.204 0.2
0.611 0.622 0.632 0.641 0.65 0.661 0.672 0.685 0.697 0.709 0.72 0.73 0.738 0.746 0.752 0.757 0.759 0.759 0.756 0.751 0.744 0.736 0.728 0.72 0.712 0.704 0.695 0.686 0.675 0.663 0.651 0.638 0.625 0.611 0.595 0.579 0.561 0.542 0.524 0.507 0.491 0.478 0.465 0.454 0.444 0.433 0.422 0.41 0.398 0.385 0.372 0.359 0.347 0.334 0.322 0.311 0.3 0.289 0.279 0.27 0.262 0.255 0.249 0.243 0.239 0.235 0.231 0.228 0.225 0.223 0.22 0.216 0.213 0.21 0.206 0.202 0.198
0.6 0.61 0.619 0.628 0.637 0.647 0.659 0.671 0.683 0.694 0.704 0.714 0.722 0.729 0.735 0.739 0.741 0.741 0.738 0.733 0.726 0.718 0.711 0.703 0.695 0.688 0.679 0.67 0.659 0.648 0.636 0.624 0.611 0.598 0.584 0.568 0.551 0.533 0.515 0.499 0.483 0.469 0.457 0.446 0.436 0.426 0.416 0.404 0.393 0.38 0.368 0.356 0.343 0.332 0.32 0.309 0.298 0.287 0.277 0.268 0.26 0.253 0.246 0.24 0.236 0.231 0.228 0.225 0.222 0.219 0.216 0.213 0.21 0.207 0.204 0.2 0.196
